0  201
0  329
0  430
0  676
0  804
0  817
0  885
0  890
0  932
0  950
0  977
1  21
1  531
1  789
1  802
1  875
1  892
1  906
1  934
1  960
1  974
2  88
2  467
2  559
2  835
2  836
2  869
2  970
3  31
3  182
3  301
3  362
3  455
3  801
3  866
3  908
3  926
3  980
4  156
4  172
4  666
4  714
4  881
4  888
4  920
4  929
4  945
4  984
5  347
5  847
5  873
5  886
5  897
5  921
5  930
5  990
6  621
6  654
6  691
6  804
6  814
6  825
6  861
6  871
6  899
6  943
6  982
7  232
7  401
7  505
7  525
7  532
7  663
7  809
7  883
7  895
7  901
7  952
7  958
7  999
8  2
8  77
8  167
8  197
8  353
8  432
8  657
8  693
8  694
8  822
8  928
8  933
8  941
8  966
9  221
9  421
9  545
9  811
9  843
9  953
9  964
9  968
9  986
10  521
10  711
10  731
10  800
10  914
10  938
10  940
10  946
10  981
11  29
11  69
11  404
11  413
11  829
11  844
11  874
11  922
11  961
12  165
12  303
12  834
12  842
12  851
12  860
12  863
12  894
12  903
12  965
13  119
13  235
13  452
13  803
13  806
13  850
13  852
13  857
13  864
13  910
13  939
13  945
13  989
13  997
14  162
14  200
14  397
14  519
14  673
14  859
14  882
14  906
14  915
14  927
14  931
14  937
14  967
14  985
14  988
15  96
15  228
15  352
15  416
15  431
15  443
15  510
15  524
15  824
15  828
15  839
15  896
15  914
15  954
15  995
16  295
16  437
16  858
16  876
16  889
16  893
16  907
16  924
16  947
16  993
17  209
17  523
17  727
17  833
17  837
17  868
17  902
17  923
17  973
17  978
17  994
18  293
18  819
18  849
18  865
18  925
18  944
19  169
19  187
19  724
19  728
19  755
19  807
19  825
19  831
19  841
19  887
19  905
19  916
19  998
20  250
20  570
20  820
20  836
20  845
20  854
20  870
20  878
20  892
20  918
20  929
20  974
20  980
21  161
21  163
21  287
21  371
21  634
21  734
21  810
21  945
21  971
21  985
22  565
22  813
22  816
22  818
22  866
22  886
22  898
22  904
22  936
22  948
22  951
22  962
22  984
23  372
23  630
23  701
23  832
23  846
23  848
23  880
23  897
23  908
23  921
23  977
23  983
23  989
23  996
24  40
24  199
24  805
24  840
24  868
24  909
24  911
24  912
24  963
24  975
24  979
24  987
24  991
25  217
25  393
25  808
25  811
25  830
25  857
25  867
25  876
25  882
25  922
25  942
25  953
25  956
25  960
25  964
25  986
25  990
26  861
26  884
26  885
26  910
26  930
26  957
26  982
27  555
27  800
27  827
27  855
27  917
27  966
28  719
28  826
28  928
28  932
28  949
28  999
29  746
29  815
29  850
29  875
29  946
29  965
30  67
30  343
30  817
30  883
30  941
30  970
31  49
31  218
31  373
31  838
31  852
31  877
31  899
31  939
32  16
32  99
32  340
32  500
32  649
32  741
32  824
32  851
32  859
32  972
33  38
33  399
33  675
33  828
33  835
34  139
34  224
34  502
34  856
34  879
34  902
34  952
34  976
34  981
35  192
35  805
35  853
35  871
35  950
35  955
36  104
36  276
36  441
36  449
36  454
36  588
36  628
36  812
36  877
36  930
36  984
37  64
37  270
37  433
37  508
37  516
37  527
37  599
37  802
37  807
38  109
38  696
38  804
38  831
38  847
38  862
38  888
38  934
39  13
39  243
39  249
39  770
39  979
40  381
40  920
40  927
41  81
41  95
41  116
41  439
41  511
41  560
41  585
41  602
41  653
41  740
41  835
41  845
41  869
41  923
41  928
42  11
42  61
42  242
42  344
42  541
42  547
42  573
42  659
42  839
42  861
42  864
42  900
42  903
42  907
42  969
42  986
42  992
43  120
43  179
43  302
43  354
43  843
43  886
43  901
43  906
43  997
44  427
44  736
44  783
44  826
44  850
44  867
44  895
45  132
45  268
45  283
45  386
45  586
45  691
45  806
45  842
45  891
45  942
45  946
45  959
45  990
46  297
46  351
46  420
46  556
46  810
46  830
46  840
46  860
46  885
46  887
46  937
46  960
46  961
46  987
47  177
47  227
47  240
47  410
47  471
47  572
47  681
47  775
47  809
47  819
47  834
47  865
47  873
47  910
47  943
47  947
47  956
48  144
48  389
48  499
48  605
48  794
48  828
48  836
48  837
48  883
48  892
48  924
48  929
48  938
48  978
48  988
49  269
49  394
49  492
49  729
49  823
49  881
49  926
49  933
49  972
50  718
50  790
50  827
50  841
50  857
50  874
50  931
51  391
51  480
51  497
51  801
51  813
51  882
51  915
51  917
51  939
51  940
51  948
51  957
51  962
51  963
51  991
52  146
52  848
52  854
52  899
52  909
52  913
52  914
52  916
52  919
52  952
52  953
52  955
53  84
53  110
53  291
53  817
53  820
53  863
53  896
53  907
53  971
53  973
53  975
53  980
53  990
53  996
54  234
54  536
54  774
54  814
54  879
54  892
54  923
54  966
54  974
54  982
54  985
55  89
55  642
55  664
55  669
55  800
55  858
55  868
55  889
55  905
55  922
55  934
55  942
55  970
55  979
55  995
56  205
56  414
56  821
56  829
56  844
56  849
56  853
56  870
56  902
56  908
56  911
56  918
56  951
57  709
57  804
57  837
57  864
57  874
57  893
57  898
57  931
57  945
57  950
57  960
57  968
58  55
58  213
58  282
58  468
58  803
58  805
58  825
58  851
58  869
58  875
58  888
58  964
59  44
59  834
59  845
59  887
59  897
59  934
60  87
60  683
60  847
60  852
60  884
60  901
60  912
60  967
60  993
60  997
61  159
61  304
61  784
61  808
61  815
61  822
61  839
61  930
61  949
61  957
62  4
62  33
62  272
62  358
62  363
62  408
62  445
62  534
62  551
62  601
62  725
62  795
62  856
62  859
62  890
62  920
62  925
62  944
62  965
62  977
62  992
63  323
63  380
63  812
63  862
63  915
63  917
64  610
64  692
64  876
64  878
64  929
64  936
64  943
65  216
65  236
65  490
65  722
65  861
65  961
66  370
66  453
66  668
66  832
66  851
66  883
66  904
66  955
67  20
67  402
67  537
67  688
67  703
67  712
67  827
67  855
67  917
67  999
68  9
68  18
68  286
68  698
68  790
68  814
68  816
68  833
68  924
68  959
68  986
69  254
69  275
69  619
69  632
69  700
69  758
69  806
69  843
69  875
69  976
69  981
69  996
70  149
70  206
70  233
70  403
70  576
70  682
70  811
70  823
70  871
70  884
70  906
70  919
70  962
70  983
71  86
71  133
71  307
71  332
71  612
71  660
71  815
71  841
71  849
71  865
71  872
71  897
71  899
71  900
71  950
71  988
72  6
72  94
72  129
72  290
72  348
72  376
72  398
72  541
72  935
72  979
73  19
73  141
73  866
73  947
73  994
74  156
74  608
74  637
74  810
74  826
74  840
74  857
74  867
74  891
74  969
74  990
74  993
75  53
75  125
75  251
75  328
75  446
75  591
75  641
75  820
75  877
75  885
75  894
75  912
75  916
75  937
75  954
75  978
76  107
76  183
76  276
76  326
76  638
76  800
76  804
76  852
76  874
76  878
76  928
76  941
76  958
77  102
77  145
77  264
77  274
77  717
77  813
77  825
77  842
77  890
77  902
77  933
77  938
77  942
77  960
77  963
77  966
77  968
77  996
78  78
78  123
78  178
78  245
78  273
78  336
78  544
78  650
78  687
78  706
78  835
78  875
78  882
78  918
78  921
78  925
78  926
78  927
78  939
78  991
79  26
79  140
79  224
79  395
79  824
79  846
79  860
79  884
79  888
79  903
79  912
79  922
79  944
79  975
80  65
80  311
80  646
80  651
80  809
80  830
80  854
80  862
80  901
80  905
80  908
80  911
80  956
80  962
80  985
81  171
81  803
81  807
81  821
81  869
81  971
81  982
81  992
82  246
82  806
82  829
82  855
82  858
82  870
82  886
82  915
82  942
82  945
82  952
82  973
82  974
82  980
83  801
83  834
83  845
83  856
83  871
83  873
83  923
83  930
83  951
83  953
83  955
83  972
83  999
84  335
84  598
84  778
84  802
84  805
84  833
84  839
84  868
84  898
84  964
84  965
84  967
84  997
85  244
85  817
85  822
85  828
85  847
85  851
85  863
85  867
85  889
85  907
85  948
85  998
86  93
86  257
86  616
86  832
86  838
86  844
86  859
86  861
86  914
86  919
86  931
86  932
86  961
87  203
87  384
87  761
87  831
87  893
87  928
87  979
87  987
88  258
88  804
88  809
88  826
88  869
88  877
88  879
88  936
88  949
88  968
88  978
89  7
89  590
89  708
89  772
89  788
89  848
89  850
89  904
89  910
89  929
89  946
89  958
89  995
90  74
90  647
90  812
90  836
90  847
90  881
90  883
90  897
90  902
90  913
90  924
90  935
90  992
91  104
91  147
91  604
91  989
91  994
92  430
92  731
92  862
92  887
92  899
92  906
92  925
92  932
92  939
92  954
92  983
93  194
93  231
93  322
93  496
93  726
93  820
93  865
93  934
93  951
93  975
93  984
94  52
94  270
94  693
94  704
94  874
94  891
94  892
94  903
94  940
94  980
95  792
95  827
95  853
95  880
95  921
95  970
96  475
96  566
96  587
96  629
96  803
96  811
96  841
96  953
97  154
97  415
97  631
97  842
97  901
97  908
97  912
97  945
98  223
98  241
98  287
98  557
98  564
98  621
98  736
98  745
98  821
98  833
98  896
98  956
98  977
98  982
99  142
99  151
99  239
99  327
99  600
99  672
99  766
99  808
99  819
99  849
99  900
99  906
99  986
100  71
100  92
100  103
100  255
100  606
100  837
100  840
100  870
100  944
101  577
101  810
101  848
101  878
101  919
101  961
102  112
102  196
102  249
102  366
102  367
102  659
102  754
102  882
102  926
102  933
102  966
102  990
103  387
103  440
103  442
103  915
103  937
103  953
103  971
103  986
103  996
103  997
104  268
104  487
104  513
104  609
104  812
104  815
104  822
104  894
104  942
104  962
104  982
104  988
105  59
105  338
105  375
105  845
105  858
105  860
105  886
105  950
105  955
105  965
105  973
106  265
106  292
106  809
106  835
106  843
106  846
106  850
106  912
106  927
106  957
106  981
107  802
107  817
107  920
108  11
108  31
108  260
108  342
108  346
108  392
108  473
108  814
108  823
108  828
108  839
108  866
108  883
108  888
108  889
108  892
108  934
108  940
108  959
108  991
108  994
109  47
109  161
109  618
109  813
109  913
109  954
110  256
110  312
110  614
110  804
110  826
110  842
110  877
110  879
110  901
110  905
110  941
110  942
110  946
111  824
111  830
111  855
111  871
111  907
111  908
111  917
112  425
112  878
112  911
112  979
112  993
113  816
113  827
113  857
113  964
113  974
113  998
114  3
114  801
114  811
114  818
114  841
114  880
114  890
114  904
114  924
114  943
114  949
114  960
114  968
115  131
115  301
115  640
115  763
115  808
115  852
115  863
115  923
115  989
115  999
116  83
116  474
116  581
116  594
116  849
116  898
116  929
116  932
117  190
117  310
117  388
117  525
117  800
117  807
117  862
117  922
117  962
117  985
117  995
118  153
118  170
118  469
118  891
118  909
118  947
118  969
118  981
119  396
119  554
119  876
119  931
119  963
119  967
119  976
119  992
120  837
120  840
120  867
120  868
120  873
120  881
120  902
120  952
120  957
120  978
120  996
120  997
121  385
121  859
121  861
121  896
121  982
122  17
122  70
122  568
122  743
122  829
122  851
122  855
122  964
123  135
123  308
123  775
123  832
123  860
123  864
123  903
123  910
123  930
123  958
124  35
124  476
124  915
124  945
125  883
125  893
125  901
125  906
125  975
126  424
126  536
126  785
126  791
126  806
126  821
126  865
126  874
126  948
126  972
127  298
127  305
127  445
127  675
127  826
127  835
128  804
128  846
128  888
128  912
128  933
129  507
129  756
129  847
129  854
129  895
129  907
129  941
129  977
130  85
130  428
130  450
130  461
130  831
130  833
130  843
130  848
130  872
130  882
130  897
130  929
131  108
131  157
131  365
131  844
131  923
131  943
131  959
132  500
132  823
132  878
133  742
133  841
133  920
133  966
134  2
134  158
134  186
134  727
134  887
134  894
134  934
135  32
135  347
135  377
135  573
135  805
135  915
136  460
136  668
136  938
136  950
137  464
137  750
137  799
137  857
137  871
137  885
137  916
137  940
137  982
138  130
138  202
138  748
138  863
138  905
138  939
138  953
139  185
139  198
139  296
139  373
139  418
139  686
139  689
139  808
139  810
139  845
139  904
139  936
139  942
139  944
139  980
140  588
140  751
140  838
140  960
140  965
141  242
141  369
141  825
141  867
141  971
142  334
142  343
142  356
142  434
142  528
142  570
142  759
142  899
142  917
142  947
142  992
142  998
143  353
143  851
143  888
143  928
143  958
143  963
143  979
143  990
143  999
144  37
144  106
144  679
144  875
144  889
144  893
144  914
144  954
144  967
144  969
144  988
145  1
145  90
145  350
145  479
145  773
145  804
145  811
145  827
145  834
145  884
145  892
145  951
146  678
146  797
146  908
146  910
146  927
146  975
147  111
147  167
147  359
147  881
147  886
147  911
147  956
147  957
147  961
147  970
148  0
148  68
148  483
148  779
148  849
148  924
148  948
148  971
149  552
149  760
149  829
149  860
149  869
149  896
149  906
149  925
149  926
149  943
150  25
150  309
150  368
150  436
150  800
150  807
150  822
150  828
150  839
150  852
150  866
150  907
150  931
150  984
151  605
151  842
151  843
151  891
152  96
152  177
152  285
152  297
152  713
152  798
152  826
152  837
152  876
152  879
152  909
152  959
152  973
152  976
152  987
152  989
153  313
153  529
153  770
153  827
153  831
153  858
153  861
153  868
153  878
153  887
153  922
153  946
153  962
153  994
154  181
154  815
154  941
154  985
154  995
154  996
155  813
155  832
155  846
155  902
155  912
155  918
155  932
155  945
156  687
156  821
156  840
156  880
156  898
156  923
156  964
156  977
156  978
156  991
157  261
157  844
157  894
158  511
158  538
158  673
158  740
158  854
158  877
158  901
158  949
159  30
159  247
159  284
159  578
159  762
159  793
159  802
159  814
159  934
159  939
160  291
160  690
160  801
160  820
160  836
160  855
160  873
160  899
160  950
160  998
161  776
161  903
161  904
161  905
161  937
161  980
162  136
162  208
162  841
162  851
162  865
162  872
162  885
162  948
162  981
163  806
163  818
163  856
163  862
163  897
163  935
163  944
163  955
164  431
164  441
164  491
164  808
165  558
165  836
165  848
165  875
165  915
165  957
165  965
165  968
165  970
165  993
165  995
166  45
166  387
166  850
166  910
166  913
166  928
167  169
167  288
167  828
167  840
167  924
167  942
167  966
168  804
168  936
168  940
168  941
169  227
169  835
169  843
169  845
169  863
169  954
170  34
170  321
170  658
170  788
170  807
170  833
170  874
170  929
170  994
171  812
172  146
172  452
172  890
172  982
172  996
172  999
173  724
173  819
173  826
173  912
173  914
173  916
173  952
174  893
175  175
175  212
175  530
175  820
175  975
176  823
177  755
177  868
177  907
177  911
177  920
177  979
177  986
178  54
178  56
178  168
178  859
178  918
179  211
179  512
179  983
180  14
180  79
180  173
180  374
180  947
180  978
181  2
181  524
181  774
181  956
182  48
182  58
182  886
182  998
183  141
183  271
183  455
183  677
183  809
183  882
184  12
184  663
184  723
184  980
185  120
185  143
185  228
185  607
185  615
185  662
185  897
185  922
185  939
185  958
185  972
185  976
186  453
186  516
186  547
186  593
186  803
186  837
186  879
186  940
186  968
187  263
187  584
187  805
187  821
188  243
188  331
188  826
188  829
188  870
188  977
188  993
189  84
189  162
189  164
189  214
189  273
189  303
189  412
189  448
189  543
189  599
189  725
189  850
189  854
189  901
189  932
190  523
190  737
190  908
190  917
190  959
190  984
191  28
191  124
191  160
191  720
191  765
191  827
191  844
191  880
191  905
191  948
192  24
192  102
192  112
192  191
192  199
192  229
192  645
192  813
192  847
192  884
192  934
192  952
192  967
192  985
193  277
193  326
193  344
193  611
193  674
193  801
193  808
193  818
193  846
193  851
193  965
193  966
193  991
194  81
194  236
194  816
194  857
194  868
194  885
194  892
195  73
195  142
195  282
195  289
195  811
195  820
195  838
195  861
195  869
195  891
195  904
195  920
195  953
195  954
195  973
195  988
196  116
196  358
196  803
196  890
196  899
196  929
196  944
196  987
197  485
197  735
197  822
197  824
197  830
197  836
197  841
197  853
197  866
197  875
197  878
197  900
197  906
197  919
197  974
198  174
198  311
198  437
198  551
198  595
198  864
198  865
198  869
198  874
198  903
198  939
198  942
198  955
198  969
198  978
198  986
199  44
199  115
199  567
199  692
199  810
199  871
199  876
199  881
199  895
199  949
200  152
200  815
200  888
200  912
200  921
200  927
200  935
200  945
200  982
200  992
201  348
201  659
201  823
201  832
201  901
201  931
201  957
201  959
201  976
201  996
201  997
201  999
202  114
202  817
202  831
202  833
202  834
202  845
202  859
202  862
202  956
202  964
203  472
203  825
203  829
203  839
203  858
203  860
203  897
203  923
203  979
204  719
204  789
204  814
204  816
204  835
204  837
204  847
204  849
204  873
204  922
204  925
204  961
204  994
205  800
205  804
205  807
205  960
206  319
206  634
206  809
206  943
206  946
206  966
207  508
207  747
207  854
207  902
207  910
207  938
208  88
208  159
208  721
208  826
208  843
208  848
208  898
208  907
208  909
208  915
208  934
208  972
209  98
209  109
209  395
209  433
209  541
209  700
209  802
209  821
209  827
209  867
209  913
209  981
210  97
210  233
210  318
210  327
210  708
210  749
210  801
210  813
210  881
210  941
210  950
210  955
210  971
211  246
211  620
211  738
211  778
211  781
211  806
211  853
211  857
211  887
211  896
212  91
212  155
212  413
212  886
212  893
212  990
213  100
213  336
213  351
213  715
213  942
214  399
214  410
214  446
214  539
214  598
214  643
214  842
214  852
214  863
214  880
214  952
215  130
215  215
215  427
215  549
215  825
215  855
215  889
215  936
215  954
215  962
216  69
216  226
216  355
216  569
216  865
216  906
216  918
216  930
216  944
216  951
217  237
217  251
217  426
217  476
217  626
217  769
217  772
217  780
217  824
217  847
217  933
217  953
217  995
218  39
218  55
218  178
218  341
218  361
218  421
218  589
218  711
218  807
218  873
218  879
218  937
218  970
218  983
219  272
219  802
219  917
219  947
220  6
220  156
220  534
220  693
220  869
220  914
220  926
220  967
220  982
221  172
221  438
221  471
221  696
221  845
221  867
221  882
221  908
221  910
221  916
221  925
221  968
221  978
221  994
222  10
222  64
222  572
222  806
222  830
222  832
222  834
222  840
222  848
222  876
222  892
222  973
223  119
223  256
223  397
223  600
223  728
223  828
223  829
223  861
223  870
223  922
223  976
224  275
224  605
224  811
224  815
224  818
224  883
224  884
224  890
224  907
224  912
224  924
224  931
224  939
224  964
224  977
225  138
225  278
225  479
225  480
225  486
225  574
225  603
225  621
225  820
225  823
225  836
225  856
225  859
225  866
225  868
225  906
225  935
225  945
225  985
226  223
226  698
226  809
226  831
226  850
226  851
226  886
226  895
226  918
226  955
226  965
226  988
226  989
227  105
227  118
227  575
227  841
227  871
227  894
227  911
227  930
227  934
227  958
227  959
227  963
227  979
227  997
228  713
228  786
228  799
228  904
228  905
228  977
228  986
229  812
229  875
229  878
229  900
229  919
229  927
229  975
229  990
229  993
230  310
230  451
230  526
230  657
230  743
230  804
230  839
230  844
230  877
230  880
230  881
230  884
230  921
230  984
230  987
230  999
231  169
231  586
231  810
231  816
231  819
231  992
231  996
232  59
232  219
232  276
232  418
232  854
232  865
232  885
232  887
232  926
232  946
232  956
232  961
232  981
233  139
233  201
233  232
233  299
233  527
233  800
233  830
233  893
233  902
233  928
233  940
233  960
234  500
234  813
234  817
234  835
234  846
234  847
234  849
234  855
234  857
234  858
234  874
234  943
235  9
235  31
235  136
235  520
235  805
235  848
235  861
235  896
236  444
236  627
236  988
237  184
237  216
237  513
237  670
237  818
237  833
237  886
237  923
237  929
237  932
237  947
237  954
237  957
237  958
237  966
237  970
237  978
237  993
238  556
238  559
238  754
238  779
238  829
238  888
238  899
238  915
238  945
238  950
238  951
238  991
239  110
239  188
239  315
239  424
239  449
239  773
239  808
239  811
239  825
240  5
240  13
240  19
240  67
240  295
240  354
240  581
240  815
240  841
240  908
240  913
240  941
241  490
241  587
241  650
241  680
241  826
241  837
241  858
241  901
241  903
241  962
241  964
242  209
242  213
242  333
242  475
242  842
242  884
242  897
242  906
242  949
242  972
243  307
243  504
243  669
243  807
243  870
243  919
243  922
243  971
243  973
243  974
244  17
244  200
244  392
244  477
244  505
244  783
244  840
244  843
244  861
244  882
244  898
244  948
244  984
244  985
244  995
245  322
245  689
245  724
245  802
245  803
245  866
245  880
245  892
245  894
245  942
245  956
245  982
246  80
246  113
246  685
246  795
246  801
246  814
246  878
246  885
246  897
246  905
246  907
246  910
246  914
246  916
246  968
246  969
246  993
247  831
247  862
247  863
247  926
247  983
247  999
248  250
248  852
248  920
248  953
248  998
249  83
249  111
249  283
249  730
249  873
249  917
249  937
249  977
250  217
250  809
250  875
250  895
250  938
250  943
250  990
251  45
251  70
251  293
251  525
251  814
251  815
251  856
251  860
251  871
251  892
251  902
251  924
251  934
252  349
252  487
252  649
252  827
252  848
252  869
252  872
252  903
252  967
253  437
253  832
253  891
253  904
253  925
253  984
254  148
254  150
254  190
254  329
254  368
254  482
254  642
254  738
254  805
254  855
254  930
254  955
255  330
255  340
255  379
255  457
255  546
255  609
255  791
255  804
255  816
255  859
255  874
255  879
255  884
255  890
255  911
255  928
255  931
255  960
255  981
255  997
256  71
256  181
256  366
256  676
256  690
256  843
256  854
256  912
257  76
257  536
257  820
257  864
257  887
257  896
257  921
257  932
257  980
258  279
258  309
258  432
258  468
258  675
258  808
258  821
258  825
258  876
258  877
258  915
258  927
258  942
258  959
258  964
258  989
259  51
259  324
259  328
259  850
259  852
259  867
259  870
259  885
259  892
259  918
259  957
259  970
259  979
259  991
260  35
260  277
260  365
260  564
260  707
260  826
260  858
260  862
260  881
260  883
260  933
260  963
260  971
260  973
260  996
261  613
261  813
261  828
261  838
261  842
261  857
261  861
261  909
261  924
261  929
261  939
261  941
261  961
262  101
262  562
262  635
262  837
262  888
262  907
262  954
262  974
262  979
262  993
263  400
263  499
263  800
263  836
263  996
264  377
264  380
264  694
264  834
264  846
264  849
264  851
264  938
264  947
264  950
264  958
264  990
265  339
265  510
265  776
265  810
265  811
265  835
265  839
265  840
265  845
266  108
266  210
266  261
266  806
266  844
266  923
266  972
267  682
267  710
267  807
267  868
267  936
267  943
267  945
267  948
267  987
268  314
268  371
268  383
268  387
268  808
268  832
268  890
268  921
268  951
269  25
269  367
269  533
269  604
269  823
269  830
269  906
269  908
269  913
269  916
269  949
269  955
269  965
269  977
270  11
270  229
270  578
270  812
270  893
270  960
270  968
270  973
270  992
271  47
271  384
271  810
271  829
271  866
271  873
271  889
271  934
271  939
271  966
272  271
272  542
272  561
272  766
272  801
272  828
272  833
272  865
272  899
272  919
272  940
272  995
273  46
273  411
273  803
273  824
273  847
273  975
273  978
273  982
273  989
274  522
274  583
274  697
274  815
274  819
274  905
274  920
274  969
275  814
275  855
275  863
275  946
275  957
275  985
275  991
276  61
276  121
276  144
276  248
276  818
276  884
276  909
276  941
276  963
276  986
276  994
276  999
277  529
277  560
277  629
277  817
277  922
277  953
277  972
278  23
278  36
278  145
278  260
278  636
278  711
278  767
278  802
278  822
278  825
278  842
278  891
278  901
278  904
278  935
279  192
279  246
279  249
279  530
279  778
279  871
279  878
279  981
279  996
280  140
280  509
280  553
280  809
280  927
280  938
280  952
281  41
281  758
281  854
281  880
281  959
281  988
282  3
282  38
282  727
282  843
282  853
282  856
282  910
282  998
283  75
283  305
283  602
283  821
283  886
283  900
283  956
283  962
283  971
283  974
284  360
284  456
284  597
284  732
284  792
284  917
284  923
284  979
285  334
285  478
285  687
285  752
285  846
285  868
285  928
285  964
285  967
285  997
286  475
286  549
286  647
286  723
286  814
286  816
286  829
286  870
286  933
286  954
287  33
287  104
287  233
287  374
287  434
287  623
287  640
287  902
287  943
287  985
287  990
288  32
288  129
288  230
288  465
288  538
288  545
288  662
288  686
288  831
288  839
288  860
288  872
288  875
288  911
288  950
289  12
289  281
289  543
289  568
289  862
289  925
290  158
290  240
290  463
290  706
290  784
290  811
290  859
290  861
290  890
291  313
291  363
291  714
291  858
291  866
291  873
291  904
291  908
291  961
292  222
292  317
292  394
292  440
292  495
292  514
292  731
292  787
292  837
292  848
292  852
292  887
292  920
292  938
292  945
293  65
293  66
293  147
293  286
293  531
293  584
293  594
293  725
293  836
293  845
293  849
293  885
293  912
293  986
294  177
294  262
294  319
294  555
294  563
294  620
294  745
294  806
294  820
294  835
294  840
294  883
294  975
294  980
294  991
295  223
295  267
295  285
295  302
295  462
295  492
295  805
295  807
295  823
295  838
295  879
295  892
295  894
295  905
295  917
295  937
295  969
295  982
296  132
296  149
296  252
296  292
296  364
296  409
296  442
296  734
296  804
296  808
296  830
296  867
296  895
296  899
296  919
296  931
296  958
296  966
296  970
297  97
297  393
297  461
297  493
297  528
297  750
297  786
297  842
297  869
297  882
297  898
297  903
297  930
297  932
297  936
297  953
297  984
298  42
298  296
298  672
298  819
298  827
298  832
298  834
298  843
298  853
298  859
298  878
298  880
298  889
298  922
298  948
298  959
298  977
299  534
299  800
299  802
299  809
299  826
299  829
299  833
299  851
299  888
299  891
299  916
299  934
299  944
299  957
299  976
299  993
300  44
300  668
300  801
300  828
300  845
300  874
300  914
300  924
300  960
300  965
300  968
301  739
301  805
301  825
301  841
301  844
301  850
301  862
301  865
301  900
301  911
301  947
301  953
301  972
301  974
302  321
302  657
302  665
302  810
302  811
302  824
302  830
302  956
302  971
302  979
302  989
302  992
303  412
303  558
303  681
303  812
303  813
303  854
303  877
303  881
303  884
303  897
303  904
303  907
303  909
303  915
303  929
303  994
303  995
304  803
304  821
304  875
304  906
304  925
304  934
304  949
304  951
304  955
304  963
304  981
305  893
305  899
305  901
305  928
305  941
305  946
305  961
305  972
305  996
306  272
306  481
306  801
306  815
306  825
306  829
306  835
306  860
306  933
306  942
306  957
307  20
307  56
307  130
307  868
307  910
307  918
307  920
307  926
307  940
307  973
307  984
308  202
308  547
308  813
308  964
308  965
309  809
309  867
309  982
310  622
310  749
310  785
310  800
310  818
310  861
310  896
310  907
310  987
311  180
311  205
311  243
311  259
311  392
311  746
311  803
311  847
311  848
311  949
311  983
312  290
312  362
312  474
312  519
312  637
312  671
312  814
312  939
313  179
313  212
313  255
313  382
313  502
313  691
313  719
313  799
313  827
313  838
313  927
313  961
313  980
314  156
314  159
314  182
314  232
314  376
314  404
314  512
314  667
314  837
314  886
314  935
314  936
314  938
314  970
314  971
315  152
315  396
315  420
315  580
315  797
315  817
315  826
315  887
315  930
315  943
315  962
316  169
316  335
316  445
316  490
316  551
316  663
316  747
316  771
316  851
316  905
316  948
316  978
317  160
317  161
317  187
317  374
317  598
317  733
317  753
317  789
317  937
317  957
317  975
317  977
317  982
318  69
318  94
318  186
318  257
318  569
318  631
318  683
318  716
318  861
318  863
318  900
318  952
319  95
319  220
319  425
319  688
319  945
319  950
319  967
319  969
319  992
319  999
320  22
320  120
320  171
320  316
320  443
320  480
320  523
320  544
320  718
320  818
320  824
320  831
320  841
320  856
320  866
320  883
320  903
320  923
320  991
321  24
321  276
321  359
321  472
321  518
321  556
321  650
321  695
321  822
321  850
321  853
321  859
321  870
321  904
321  906
321  985
322  35
322  83
322  107
322  166
322  352
322  599
322  751
322  833
322  834
322  839
322  840
322  849
322  857
322  877
322  885
322  889
322  893
322  895
322  898
322  908
322  914
322  917
322  940
322  989
323  126
323  332
323  639
323  807
323  846
323  874
323  876
323  878
323  882
323  990
323  997
324  96
324  607
324  802
324  830
324  836
324  845
324  854
324  868
324  911
324  919
324  954
324  956
324  963
324  966
324  988
325  216
325  803
325  826
325  843
325  922
325  973
326  167
326  521
326  684
326  812
326  816
326  819
326  864
326  875
326  908
326  912
326  937
326  965
326  980
326  993
326  995
327  234
327  269
327  573
327  698
327  820
327  865
327  870
327  888
327  901
327  916
327  924
327  925
327  986
327  994
327  996
327  998
328  28
328  162
328  199
328  762
328  829
328  844
328  854
328  855
328  864
328  869
328  873
328  884
328  890
328  893
328  896
328  897
328  900
328  902
328  910
328  955
328  964
328  982
329  280
329  291
329  813
329  823
329  835
329  860
329  861
329  871
329  933
329  935
329  947
329  960
329  974
329  997
330  804
330  807
330  838
330  863
330  879
330  887
330  928
330  932
330  952
330  953
330  971
331  73
331  208
331  431
331  805
331  809
331  827
331  847
331  876
331  904
331  930
331  949
331  954
331  959
331  972
331  981
331  984
332  78
332  203
332  808
332  829
332  851
332  852
332  866
332  881
332  884
332  921
332  926
332  929
332  931
332  941
332  944
332  951
332  991
333  236
333  342
333  806
333  867
333  892
333  923
333  927
333  934
333  942
333  957
333  961
334  72
334  89
334  469
334  761
334  801
334  810
334  828
334  843
334  894
334  913
334  915
334  943
334  946
334  968
335  289
335  568
335  755
335  814
335  862
335  873
335  891
335  899
335  939
335  969
336  800
336  840
336  841
336  848
336  888
336  903
336  907
336  955
336  958
336  970
337  780
337  839
337  850
337  878
337  976
337  979
337  993
338  1
338  811
338  846
338  871
338  940
339  322
339  464
339  815
339  821
339  832
339  845
339  860
339  914
339  945
339  987
340  184
340  459
340  506
340  527
340  834
340  837
340  886
340  936
341  34
341  38
341  270
341  726
341  742
341  906
341  947
341  967
341  989
342  137
342  514
342  912
342  962
342  965
342  984
343  8
343  39
343  535
343  673
343  693
343  890
343  966
343  999
344  154
344  345
344  666
344  833
344  917
344  953
344  968
344  990
345  586
345  805
345  816
345  983
346  53
346  817
346  818
346  856
347  4
347  194
347  830
347  831
347  855
347  906
347  924
348  919
348  938
349  17
349  221
349  763
349  819
350  301
350  596
350  641
350  824
350  826
350  895
351  215
351  651
351  781
351  901
352  144
352  343
352  625
352  804
352  908
352  946
352  977
352  978
353  31
353  168
353  238
353  457
353  836
353  909
353  954
353  988
354  7
354  57
354  80
354  422
354  550
354  812
354  851
355  79
355  638
355  878
355  883
355  900
355  902
355  932
355  948
356  62
356  300
356  483
356  826
356  835
356  905
356  927
357  242
357  656
357  935
357  955
357  961
358  43
358  87
358  164
358  649
358  822
358  850
359  402
359  499
359  680
359  828
359  858
359  916
359  924
359  939
359  944
359  945
359  971
359  985
360  942
360  998
361  171
361  536
361  567
361  583
361  756
361  844
361  846
361  873
361  885
361  928
361  931
362  124
362  214
362  304
362  548
362  590
362  773
362  811
362  918
362  950
362  997
363  380
363  451
363  496
363  859
363  868
363  884
363  896
363  975
363  976
363  990
363  993
364  389
364  722
364  843
364  898
364  996
365  151
365  207
365  508
365  679
365  729
365  801
365  814
365  823
365  827
365  923
365  929
365  980
365  981
366  2
366  85
366  800
366  867
366  881
366  893
366  933
366  964
366  973
366  982
367  247
367  398
367  803
367  821
367  829
367  890
367  891
367  957
367  965
368  18
368  692
368  699
368  735
368  813
368  818
368  849
368  870
368  887
368  892
368  910
368  940
368  979
369  226
369  284
369  491
369  815
369  816
369  860
369  877
369  914
369  917
369  960
369  987
370  224
370  391
370  984
370  989
371  347
371  689
371  806
371  912
371  934
371  970
371  992
371  995
372  667
372  760
372  833
372  845
372  864
372  872
372  875
372  895
372  919
372  943
372  953
373  196
373  296
373  703
373  852
373  857
373  882
373  889
373  940
373  952
373  972
373  985
373  986
374  253
374  632
374  655
374  808
374  841
374  897
374  947
374  948
374  994
374  999
375  110
375  386
375  589
375  626
375  824
375  830
375  862
375  866
375  888
375  899
375  920
375  924
375  937
375  944
375  958
375  959
376  486
376  825
376  873
376  955
376  957
377  399
377  487
377  526
377  802
377  835
377  837
377  842
377  941
377  946
377  951
378  565
378  711
378  720
378  804
378  807
378  854
378  879
378  968
378  978
379  86
379  479
379  708
379  851
379  856
379  874
379  885
379  921
379  945
379  961
380  446
380  853
380  869
380  878
380  894
380  904
380  939
380  942
380  962
380  963
380  984
381  405
381  769
381  901
381  973
382  809
382  847
382  971
383  102
383  850
383  861
383  886
383  915
383  938
383  956
383  974
384  153
384  372
384  510
384  593
384  817
384  902
384  980
385  204
385  395
385  837
385  871
385  876
385  911
385  954
385  975
386  121
386  231
386  721
386  858
386  906
386  969
386  988
387  61
387  368
387  863
387  932
387  967
388  470
388  642
388  831
388  832
388  844
389  812
389  930
389  976
390  9
390  92
390  384
390  396
390  543
390  604
390  805
390  874
390  877
390  962
391  108
391  113
391  545
391  890
391  943
392  747
392  792
392  826
392  891
392  912
393  185
393  329
393  833
393  860
393  922
393  977
394  696
394  738
394  782
394  840
394  903
394  925
394  929
394  966
394  985
394  995
395  330
395  381
395  672
395  772
395  810
395  867
395  882
395  920
395  927
395  996
396  281
396  485
396  885
396  957
396  964
397  51
397  791
397  811
397  824
397  910
398  232
398  537
398  768
398  838
398  848
398  867
398  950
398  982
398  990
399  27
399  664
399  855
399  865
399  999
400  418
400  777
400  849
400  872
400  992
401  98
401  423
401  627
401  825
401  830
401  866
401  917
401  924
401  938
402  138
402  798
402  921
402  997
403  210
403  360
403  608
403  813
403  823
403  900
403  907
403  918
403  972
403  994
404  59
404  552
404  614
404  852
404  887
404  951
404  989
405  245
405  306
405  883
405  892
405  908
405  933
406  103
406  237
406  257
406  361
406  682
406  807
406  869
406  889
406  945
406  956
406  977
407  337
407  341
407  365
407  876
407  926
407  946
408  40
408  109
408  262
408  766
408  803
408  888
408  894
408  904
408  936
408  948
408  953
408  970
408  973
408  981
409  401
409  809
409  834
409  885
409  896
409  905
409  942
409  998
410  21
410  55
410  392
410  412
410  429
410  532
410  619
410  802
410  829
410  934
410  935
411  48
411  122
411  248
411  815
411  822
411  836
411  853
411  897
411  913
411  941
411  979
412  230
412  438
412  605
412  870
412  910
412  916
412  936
412  960
412  987
413  250
413  801
413  828
413  832
413  847
413  865
413  893
413  923
413  952
413  958
413  974
413  986
414  37
414  841
414  845
414  859
414  881
414  895
414  901
414  903
414  914
414  965
414  968
414  993
414  995
415  886
415  902
415  907
415  909
415  949
415  973
415  984
416  357
416  730
416  765
416  866
416  890
416  959
417  788
417  804
417  817
417  842
417  873
417  898
417  919
417  930
417  944
418  229
418  246
418  764
418  862
418  937
418  982
419  73
419  846
419  911
419  928
419  964
419  975
420  0
420  827
420  860
420  917
421  305
421  851
421  884
421  933
421  962
421  988
421  990
421  996
422  202
422  240
422  436
422  444
422  609
422  810
422  816
422  826
422  833
422  857
422  943
422  955
422  966
423  218
423  603
423  616
423  811
423  818
423  838
423  906
423  931
423  963
424  521
424  831
424  848
424  854
424  864
424  868
424  947
424  950
424  965
424  980
425  278
425  771
425  940
425  978
426  814
426  861
426  956
427  823
427  849
427  863
427  874
427  954
428  268
428  293
428  339
428  604
428  889
429  808
429  813
429  842
429  912
429  938
429  972
430  25
430  336
430  428
430  449
430  702
430  841
430  851
430  883
430  887
430  984
431  572
431  824
431  867
431  921
431  932
431  939
432  267
432  629
432  630
432  806
432  827
432  837
432  878
432  900
432  969
433  46
433  979
433  986
434  923
434  994
435  116
435  209
435  748
435  754
435  775
435  888
436  315
436  929
436  934
437  17
437  170
437  507
437  585
437  821
437  832
437  885
437  915
437  971
438  633
438  809
438  840
438  855
438  891
438  905
439  271
440  954
441  50
441  74
441  99
441  223
441  433
441  509
441  865
441  896
441  915
441  917
441  997
442  125
442  461
442  576
442  845
442  868
442  880
442  924
442  935
442  958
443  88
443  256
443  784
443  794
443  911
443  936
443  949
443  982
443  992
444  107
444  366
444  890
444  927
445  29
445  159
445  219
445  505
445  528
445  661
445  680
445  701
445  852
445  892
445  989
446  56
446  161
446  835
446  848
446  851
446  873
446  879
447  118
447  316
447  467
447  519
447  556
447  767
447  895
448  291
448  352
448  762
448  820
448  860
448  925
448  961
449  866
449  898
449  926
449  945
449  946
449  955
449  998
450  44
450  410
450  558
450  632
450  740
450  761
450  807
450  871
450  948
450  960
451  123
451  157
451  288
451  406
451  601
451  660
451  817
451  829
451  836
451  888
451  932
451  941
451  954
451  999
452  375
452  593
452  647
452  872
452  893
452  908
452  923
452  928
452  981
453  190
453  258
453  289
453  513
453  678
453  733
453  802
453  804
453  846
453  847
453  852
453  877
453  903
453  909
453  922
453  951
454  80
454  236
454  335
454  354
454  839
454  850
454  863
454  876
454  966
454  969
454  979
455  86
455  523
455  649
455  718
455  815
455  896
455  920
455  929
455  950
455  957
455  984
455  996
456  5
456  135
456  536
456  704
456  709
456  806
456  808
456  812
456  828
456  883
456  889
456  894
456  899
456  943
456  962
456  963
456  985
457  174
457  811
457  816
457  825
457  831
457  859
457  861
457  865
457  907
457  919
457  944
458  372
458  574
458  598
458  763
458  800
458  822
458  843
458  875
458  910
458  933
458  939
458  959
458  992
459  344
459  480
459  581
459  809
459  853
459  862
459  927
459  964
459  972
459  976
460  104
460  309
460  692
460  833
460  837
460  887
460  912
460  918
460  921
460  934
460  937
460  958
460  970
460  975
460  987
461  524
461  717
461  834
461  869
461  874
461  890
461  897
461  905
461  936
461  956
461  991
461  994
462  155
462  551
462  801
462  803
462  840
462  841
462  854
462  980
462  986
463  446
463  813
463  819
463  826
463  856
463  877
463  879
463  900
463  904
463  915
463  938
463  942
463  983
464  120
464  148
464  156
464  186
464  199
464  683
464  835
464  849
464  868
464  871
464  902
464  952
464  973
464  989
464  993
465  811
465  821
465  845
465  852
465  867
465  906
465  911
465  930
465  967
466  112
466  282
466  340
466  807
466  823
466  838
466  878
466  919
466  935
466  990
467  178
467  298
467  891
467  901
467  931
467  947
467  995
468  166
468  182
468  456
468  817
468  851
468  855
468  857
468  881
468  922
468  925
468  957
469  287
469  827
469  830
469  903
469  977
470  263
470  836
470  917
470  932
470  963
470  978
470  988
471  303
471  607
471  803
471  860
471  939
471  951
472  53
472  322
472  670
472  698
472  844
472  882
472  883
472  960
472  965
472  999
473  153
473  203
473  398
473  802
473  870
473  871
473  893
473  927
473  928
473  948
474  168
474  328
474  355
474  824
474  825
474  866
474  940
474  972
475  358
475  693
475  739
475  924
475  959
475  968
476  61
476  105
476  221
476  914
476  920
476  934
476  953
477  124
477  205
477  373
477  570
478  255
478  408
478  431
478  460
478  561
478  684
478  759
478  815
478  843
478  847
478  884
478  897
478  955
478  964
479  57
479  286
479  857
479  862
479  933
480  106
480  347
480  462
480  879
480  985
481  348
481  362
481  548
481  591
481  618
481  751
481  772
481  997
482  6
482  26
482  119
482  169
482  241
482  323
482  569
482  703
482  874
482  971
482  992
483  71
483  212
483  338
483  418
483  420
483  439
483  729
483  745
483  806
483  814
483  846
483  848
483  954
483  981
483  996
484  274
484  318
484  397
484  430
484  642
484  861
484  867
484  876
484  966
484  982
484  991
485  7
485  20
485  64
485  141
485  448
485  659
485  707
485  719
485  743
485  781
485  808
485  813
485  828
485  830
485  856
485  895
485  929
485  958
486  8
486  389
486  394
486  443
486  475
486  502
486  514
486  566
486  637
486  691
486  734
486  785
486  800
486  859
486  872
486  875
486  887
486  888
486  963
486  988
486  994
487  379
487  493
487  540
487  553
487  594
487  612
487  648
487  822
487  826
487  865
487  868
487  900
487  912
487  928
488  559
488  837
488  854
488  878
488  891
488  904
488  938
488  943
489  25
489  98
489  211
489  254
489  589
489  756
489  793
489  805
489  821
489  831
489  833
489  873
489  877
489  906
489  936
489  973
489  974
489  987
489  990
490  364
490  378
490  416
490  466
490  482
490  494
490  714
490  812
490  818
490  827
490  835
490  849
490  870
490  880
490  894
490  907
490  909
490  924
490  964
490  980
490  984
491  131
491  147
491  222
491  359
491  801
491  804
491  808
491  832
491  838
491  839
491  845
491  855
491  902
491  908
491  919
491  953
491  967
492  91
492  257
492  269
492  732
492  757
492  807
492  834
492  858
492  893
492  917
492  926
492  928
492  930
492  946
492  952
492  962
492  972
492  998
493  451
493  527
493  674
493  788
493  811
493  828
493  886
493  897
493  922
493  935
493  945
493  947
493  956
493  970
493  979
494  608
494  814
494  829
494  882
494  883
494  885
494  889
494  892
494  914
494  931
494  941
494  957
494  961
494  969
494  977
495  31
495  83
495  627
495  676
495  737
495  806
495  853
495  874
495  875
495  890
495  910
495  915
495  921
495  927
495  944
495  950
495  998
496  143
496  813
496  815
496  820
496  852
496  862
496  894
496  896
496  899
496  905
496  911
496  912
496  937
496  943
496  956
496  959
497  48
497  563
497  809
497  821
497  842
497  861
497  898
497  923
497  999
498  85
498  621
498  775
498  850
498  904
498  934
498  936
498  954
498  965
498  966
498  975
499  27
499  51
499  786
499  833
499  835
499  843
499  847
499  863
499  884
499  888
499  901
499  940
499  951
499  993
499  995
500  458
500  800
500  816
500  844
500  846
500  851
500  855
500  856
500  865
500  866
500  881
500  887
500  903
500  942
500  955
500  968
500  973
500  985
500  997
501  219
501  280
501  290
501  369
501  682
501  804
501  819
501  832
501  836
501  849
501  869
501  895
501  986
502  185
502  276
502  285
502  327
502  604
502  755
502  803
502  834
502  840
502  916
502  933
502  949
502  952
502  989
503  236
503  860
503  932
503  964
503  980
504  198
504  331
504  503
504  807
504  857
504  864
504  870
504  884
504  900
504  925
504  929
504  939
504  990
505  117
505  536
505  802
505  830
505  867
505  873
505  893
505  938
505  950
505  960
505  971
505  976
505  988
506  481
506  495
506  496
506  644
506  811
506  814
506  824
506  885
506  890
506  906
506  915
506  946
506  969
507  34
507  89
507  110
507  201
507  372
507  663
507  810
507  812
507  825
507  826
507  841
507  897
507  917
507  991
508  102
508  479
508  613
508  630
508  641
508  694
508  801
508  843
508  859
508  894
508  953
508  955
508  981
508  982
509  123
509  837
509  839
509  939
509  999
510  149
510  868
510  902
510  920
510  978
511  90
511  345
511  611
511  654
511  736
511  815
511  919
511  993
511  996
512  63
512  306
512  440
512  805
512  829
513  87
513  351
513  411
513  530
513  555
513  856
513  891
514  152
514  261
514  281
514  383
514  710
514  778
514  817
515  41
515  60
515  67
515  283
515  284
515  455
515  469
515  499
515  679
515  689
515  914
516  137
516  204
516  214
516  243
516  412
516  436
516  473
516  535
516  544
516  567
516  740
516  947
517  14
517  36
517  138
517  300
517  311
517  360
517  517
517  546
517  575
517  590
517  705
517  818
517  820
517  858
517  917
517  921
517  924
517  955
517  967
518  18
518  139
518  140
518  148
518  187
518  260
518  547
518  583
518  586
518  657
518  667
518  697
518  715
518  730
518  741
518  792
518  812
518  851
518  909
518  934
518  936
518  940
519  2
519  52
519  95
519  126
519  158
519  167
519  172
519  181
519  215
519  264
519  301
519  324
519  374
519  405
519  497
519  545
519  728
519  735
519  744
519  801
519  835
519  876
519  889
519  892
519  904
519  942
519  964
519  972
519  973
519  997
519  998
520  43
520  47
520  100
520  170
520  242
520  326
520  337
520  357
520  434
520  489
520  592
520  600
520  605
520  615
520  634
520  718
520  720
520  747
520  798
520  807
520  811
520  827
520  849
520  880
520  899
520  912
520  923
520  928
520  957
520  987
521  26
521  195
521  233
521  235
521  441
521  485
521  658
521  675
521  734
521  790
521  809
521  814
521  831
521  834
521  836
521  837
521  869
521  881
521  960
521  963
521  984
522  114
522  270
522  329
522  468
522  488
522  519
522  539
522  541
522  665
522  808
522  852
522  864
522  867
522  872
522  879
522  903
522  910
522  916
522  931
522  951
522  952
522  954
522  976
522  979
522  988
522  995
523  28
523  51
523  419
523  424
523  742
523  801
523  802
523  804
523  829
523  840
523  844
523  850
523  857
523  863
523  874
523  875
523  883
523  913
523  920
523  925
523  929
523  937
523  974
523  975
523  989
523  990
523  994
524  217
524  304
524  556
524  821
524  822
524  838
524  846
524  854
524  861
524  866
524  878
524  887
524  888
524  901
524  914
524  930
524  934
524  945
524  950
524  958
524  969
524  978
524  982
525  127
525  240
525  352
525  523
525  599
525  668
525  699
525  800
525  836
525  841
525  848
525  882
525  905
525  907
525  908
525  927
525  941
525  955
525  956
525  961
525  971
525  977
525  980
525  983
525  985
525  990
526  160
526  491
526  810
526  828
526  835
526  843
526  855
526  860
526  862
526  871
526  873
526  891
526  895
526  911
526  931
526  932
526  938
526  946
526  951
526  965
526  970
526  986
526  993
526  996
527  623
527  803
527  813
527  830
527  832
527  847
527  865
527  889
527  897
527  899
527  900
527  909
527  919
527  925
527  933
527  939
527  948
527  962
527  992
528  80
528  101
528  819
528  823
528  824
528  853
528  861
528  906
528  916
528  918
528  922
528  923
528  924
528  947
528  952
528  953
528  954
528  999
529  363
529  423
529  565
529  820
529  826
529  833
529  866
529  870
529  893
529  921
529  944
529  959
530  74
530  313
530  438
530  673
530  806
530  815
530  839
530  859
530  875
530  915
530  926
530  979
530  988
531  108
531  397
531  727
531  809
531  816
531  842
531  877
531  890
531  894
531  940
531  942
531  964
531  968
531  973
532  92
532  457
532  474
532  812
532  845
532  885
532  935
532  949
532  958
532  960
532  966
532  981
532  997
533  142
533  193
533  399
533  472
533  804
533  813
533  851
533  869
533  886
533  910
533  917
533  922
533  926
533  943
533  987
534  31
534  121
534  146
534  234
534  248
534  446
534  522
534  538
534  595
534  797
534  805
534  868
534  878
534  887
534  898
534  907
534  934
534  937
534  942
534  946
534  950
534  967
534  986
535  130
535  136
535  177
535  435
535  669
535  670
535  696
535  834
535  849
535  874
535  884
535  912
535  914
535  919
535  974
535  982
535  990
535  998
536  78
536  179
536  366
536  370
536  388
536  442
536  579
536  588
536  635
536  687
536  746
536  789
536  801
536  827
536  840
536  841
536  843
536  857
536  859
536  892
536  896
536  897
536  904
536  917
536  930
536  945
536  953
536  955
537  19
537  65
537  407
537  452
537  601
537  787
537  817
537  825
537  828
537  852
537  856
537  901
537  902
537  932
537  965
537  971
537  972
538  21
538  105
538  154
538  183
538  253
538  258
538  268
538  534
538  557
538  685
538  763
538  782
538  802
538  826
538  833
538  844
538  854
538  867
538  882
538  910
538  957
538  963
538  992
539  97
539  144
539  189
539  305
539  686
539  698
539  815
539  818
539  831
539  863
539  899
539  933
539  996
540  77
540  282
540  445
540  587
540  760
540  811
540  837
540  839
540  842
540  894
540  895
540  896
540  911
540  931
540  948
540  985
540  995
541  33
541  37
541  116
541  262
541  299
541  396
541  821
541  838
541  845
541  853
541  927
541  941
541  975
541  977
542  11
542  42
542  44
542  205
542  237
542  332
542  356
542  413
542  816
542  952
542  993
543  91
543  302
543  385
543  387
543  624
543  731
543  807
543  808
543  809
543  847
543  848
543  861
543  881
543  883
543  902
543  905
543  918
543  923
543  990
544  30
544  88
544  227
544  259
544  562
544  829
544  846
544  886
544  903
544  908
544  930
544  933
544  962
545  241
545  277
545  368
545  376
545  767
545  785
545  803
545  825
545  832
545  858
545  879
545  906
545  907
545  912
545  913
545  915
545  921
545  951
545  956
545  969
545  994
546  5
546  462
546  465
546  753
546  826
546  843
546  850
546  857
546  865
546  898
546  914
546  925
546  929
546  938
546  964
546  976
547  111
547  365
547  380
547  505
547  693
547  709
547  860
547  884
547  893
547  920
547  943
547  979
547  984
548  223
548  553
548  581
548  628
548  692
548  708
548  812
548  814
548  835
548  836
548  849
548  855
548  871
548  888
548  889
548  933
548  936
548  939
548  940
548  954
548  993
548  999
549  188
549  200
549  508
549  780
549  874
549  904
549  953
549  991
550  103
550  802
550  859
550  885
550  913
550  932
550  978
551  38
551  598
551  617
551  811
551  830
551  841
551  842
551  868
551  924
551  928
551  957
551  963
551  972
551  975
552  157
552  182
552  320
552  371
552  529
552  578
552  721
552  755
552  791
552  821
552  850
552  880
552  890
552  894
552  899
552  919
552  922
552  966
552  973
553  109
553  274
553  343
553  574
553  828
553  856
553  875
553  892
553  939
553  977
553  983
553  996
554  35
554  128
554  159
554  165
554  321
554  336
554  478
554  492
554  549
554  706
554  723
554  749
554  799
554  807
554  813
554  817
554  820
554  822
554  823
554  827
554  840
554  851
554  862
554  866
554  916
554  935
554  991
554  994
554  995
555  129
555  239
555  416
555  501
555  532
555  776
555  783
555  806
555  833
555  872
555  878
555  890
555  900
555  902
555  907
555  910
555  945
555  947
555  968
555  980
556  3
556  216
556  471
556  602
556  804
556  809
556  810
556  818
556  841
556  852
556  861
556  864
556  870
556  886
556  897
556  917
556  948
556  952
556  955
556  962
556  984
556  988
557  512
557  551
557  651
557  807
557  816
557  831
557  844
557  854
557  855
557  858
557  863
557  868
557  941
557  942
557  944
557  954
557  961
557  998
558  151
558  733
558  839
558  845
558  867
558  873
558  877
558  887
558  920
558  922
558  950
558  965
558  967
558  986
558  993
559  221
559  837
559  847
559  879
559  891
559  909
559  921
559  956
559  960
559  964
559  981
559  989
559  995
559  997
560  155
560  390
560  803
560  834
560  860
560  871
560  895
560  938
560  971
560  987
561  800
561  827
561  838
561  874
561  876
561  883
561  896
561  908
561  918
561  928
561  957
561  966
561  992
562  815
562  861
562  882
562  901
562  927
562  932
562  937
562  949
562  985
563  487
563  766
563  814
563  865
563  911
563  972
564  536
564  825
564  884
564  945
564  958
564  992
565  652
565  754
565  804
565  808
565  853
565  930
565  933
565  982
565  988
566  46
566  196
566  230
566  297
566  490
566  802
566  824
566  889
566  892
567  141
567  267
567  643
567  716
567  833
567  881
567  934
567  974
567  976
567  980
568  70
568  207
568  362
568  805
568  991
569  316
569  597
569  826
569  834
569  843
569  869
569  877
569  940
570  110
570  266
570  530
570  912
570  946
571  32
571  118
571  121
571  256
571  287
571  453
571  678
571  711
571  722
571  807
571  859
571  872
571  906
571  917
571  959
571  987
571  999
572  17
572  190
572  229
572  339
572  600
572  642
572  712
572  821
572  852
572  857
572  867
572  977
573  40
573  75
573  340
573  408
573  454
573  498
573  804
573  841
573  845
573  891
573  910
573  979
573  996
573  998
574  134
574  232
574  249
574  367
574  406
574  614
574  717
574  816
574  870
574  897
574  898
574  939
574  951
574  973
575  72
575  194
575  271
575  334
575  809
575  832
575  903
575  905
575  956
575  960
575  967
576  125
576  414
576  606
576  725
576  802
576  818
576  830
576  848
576  919
576  965
577  279
577  784
577  914
577  924
577  953
577  978
577  985
578  558
578  837
578  881
578  901
578  935
578  942
578  968
579  104
579  176
579  191
579  456
579  625
579  745
579  851
579  875
579  925
579  971
580  278
580  310
580  794
580  820
580  823
580  896
580  923
580  949
580  962
580  964
580  969
581  184
581  342
581  519
581  819
581  908
581  959
582  61
582  295
582  358
582  560
582  568
582  805
582  840
582  856
582  881
582  886
582  893
582  904
582  913
582  915
582  927
582  928
582  937
582  940
582  976
583  64
583  516
583  573
583  803
583  911
583  955
584  335
584  604
584  831
584  844
584  876
584  931
584  944
584  952
584  960
584  972
584  988
584  992
585  180
585  393
585  801
585  806
585  828
585  846
585  847
585  853
585  890
585  922
585  932
585  938
585  979
586  510
586  865
586  920
586  929
586  977
587  804
587  839
587  855
587  860
587  869
587  873
587  885
587  899
587  907
587  958
587  980
587  982
587  984
587  986
588  218
588  500
588  854
588  918
589  800
589  810
589  833
589  849
589  872
589  884
589  948
589  956
589  969
589  990
589  991
590  655
590  811
590  815
590  827
590  859
590  862
590  866
590  895
590  902
590  943
590  974
590  985
591  824
591  850
591  855
591  903
591  919
591  950
591  954
592  79
592  162
592  289
592  739
592  838
592  900
592  930
592  961
592  989
592  995
593  752
593  836
593  858
593  867
593  871
593  910
593  996
594  272
594  813
594  826
594  834
594  848
594  868
595  640
595  676
595  690
595  861
595  914
595  970
595  975
595  992
596  246
596  865
596  876
597  837
597  880
597  891
597  905
598  480
598  542
598  703
598  835
598  879
598  987
599  845
599  967
600  161
600  386
600  410
600  997
601  15
601  107
601  506
601  772
601  821
601  847
601  864
601  947
601  957
601  966
601  982
602  210
602  543
602  877
602  906
603  807
604  308
604  566
604  584
604  810
604  896
605  122
605  852
605  860
605  878
605  977
606  395
606  885
607  178
607  206
607  540
607  927
607  935
608  309
608  392
608  432
608  447
608  463
608  513
608  886
608  887
609  346
609  391
609  925
609  939
609  953
609  960
610  39
611  814
611  946
612  959
612  965
613  348
613  467
613  582
613  620
613  951
613  985
613  995
614  922
614  978
614  988
615  153
615  307
615  455
615  609
615  637
615  646
615  823
615  912
616  170
616  459
616  843
616  892
616  899
617  82
617  751
617  797
617  842
617  926
617  940
617  942
618  73
618  83
618  99
618  384
618  440
618  576
618  623
618  801
618  901
619  166
619  759
619  850
619  962
620  345
620  680
620  744
620  815
620  828
620  866
620  921
620  989
620  999
621  258
621  363
621  728
621  825
621  827
621  907
621  930
622  444
622  550
622  770
622  829
622  845
622  855
622  883
622  908
622  917
622  944
622  980
622  984
623  704
623  774
623  838
623  875
623  964
623  981
624  9
624  806
624  832
624  868
624  895
624  954
624  990
625  585
625  880
625  918
625  927
625  928
625  997
626  252
626  503
626  805
626  819
626  837
626  889
626  893
626  956
626  961
627  187
627  804
627  809
627  844
627  859
627  912
627  933
627  936
627  974
628  43
628  167
628  225
628  352
628  401
628  499
628  569
628  807
628  811
628  863
628  898
628  934
628  950
628  968
628  972
628  976
629  265
629  593
629  843
629  941
629  975
629  979
630  203
630  231
630  822
630  865
630  955
630  958
630  996
631  847
631  848
631  904
631  906
631  916
631  938
632  28
632  59
632  849
632  861
632  870
633  312
633  814
633  839
633  874
633  891
633  924
633  942
633  985
634  478
634  527
634  802
634  826
634  841
634  867
634  909
634  963
634  986
635  423
635  858
635  897
635  993
635  994
636  607
636  803
636  816
636  820
636  846
636  850
636  991
637  108
637  416
637  491
637  818
637  899
637  914
637  937
638  415
638  737
638  829
638  830
638  882
638  886
638  960
638  973
639  119
639  670
639  888
639  912
639  935
640  226
640  248
640  328
640  889
640  987
641  25
641  853
641  932
642  54
642  589
642  779
642  902
642  947
642  953
642  992
642  998
643  154
643  208
643  611
643  791
643  845
643  873
643  878
643  919
643  977
644  756
644  833
644  840
644  894
644  907
644  982
645  561
645  659
645  701
645  854
645  952
645  999
646  398
646  422
646  851
646  931
646  951
646  972
647  245
647  325
647  857
647  929
648  629
648  749
648  836
648  862
648  885
649  171
649  277
649  502
649  603
649  871
649  876
649  890
649  949
649  986
650  89
650  601
650  817
650  910
650  995
651  263
651  635
651  649
651  801
651  802
651  814
651  852
651  861
651  984
652  10
652  138
652  805
652  945
653  78
653  377
653  803
653  807
653  887
653  940
654  13
654  127
654  174
654  823
654  901
654  948
655  112
655  808
655  824
655  884
655  934
655  971
655  990
656  69
656  113
656  318
656  507
656  515
656  708
656  717
656  835
656  874
656  946
656  957
656  966
657  1
657  179
657  877
657  975
658  242
658  647
658  896
658  978
659  39
659  137
659  229
659  409
659  458
659  482
659  521
659  904
659  920
660  97
660  330
660  633
660  930
660  959
660  962
660  963
661  27
661  109
661  217
661  261
661  533
661  767
661  773
661  813
661  821
661  856
661  900
661  925
661  958
661  964
661  996
662  37
662  214
662  369
662  483
662  575
662  581
662  727
662  794
662  809
662  837
662  866
662  886
662  965
663  194
663  343
663  548
663  762
663  850
663  855
663  897
663  924
663  928
663  933
663  951
664  241
664  314
664  351
664  406
664  643
664  760
664  800
664  812
664  839
664  867
664  888
664  979
664  982
665  526
665  748
665  814
665  841
665  854
665  862
665  916
665  942
665  972
665  974
665  993
666  240
666  718
666  796
666  846
666  866
666  872
666  882
666  895
666  906
666  908
666  989
666  991
667  834
667  847
667  863
667  891
667  892
667  939
667  946
667  950
667  954
667  961
667  969
667  987
668  247
668  724
668  859
668  870
668  880
668  911
668  921
668  943
668  944
668  947
669  221
669  378
669  832
669  836
669  894
669  913
669  922
669  923
669  927
669  931
669  945
669  953
669  955
669  967
669  975
670  157
670  216
670  379
670  475
670  804
670  811
670  843
670  860
670  881
670  893
670  900
670  960
671  848
671  905
671  910
671  957
671  971
671  981
671  985
671  988
671  992
672  305
672  805
672  838
672  865
672  919
672  941
672  948
673  322
673  397
673  815
673  819
673  824
673  826
673  827
673  828
673  831
673  907
673  970
673  973
674  402
674  822
674  833
674  901
674  912
674  915
674  917
674  964
675  373
675  595
675  598
675  851
675  909
675  918
676  303
676  518
676  742
676  808
676  823
676  844
676  857
676  924
676  935
676  962
676  963
676  990
677  275
677  757
677  802
677  806
677  821
677  849
677  853
677  864
677  875
677  914
677  926
677  951
677  994
677  997
678  120
678  813
678  873
678  879
678  890
678  930
678  953
678  984
679  445
679  671
679  867
679  878
679  883
679  898
679  934
679  936
679  940
680  464
680  642
680  807
680  884
680  889
680  952
681  223
681  800
681  810
681  855
681  972
681  999
682  276
682  959
683  552
683  681
683  820
683  840
683  852
683  868
683  888
684  193
684  534
684  817
684  842
684  861
684  899
685  341
685  364
685  420
685  669
685  929
685  980
685  983
686  165
686  299
686  403
686  436
686  664
686  788
686  804
687  38
687  55
687  280
687  622
687  662
687  858
687  870
687  871
687  881
687  896
687  932
687  933
688  558
688  856
688  874
688  957
689  92
689  673
689  758
689  904
690  315
690  426
690  743
690  866
691  34
691  485
691  665
691  696
691  996
692  806
692  825
692  829
692  980
693  204
693  297
693  682
693  719
693  845
694  289
694  329
694  353
694  374
694  839
694  854
694  964
695  183
695  285
695  356
695  466
695  656
695  732
695  801
695  803
695  827
695  939
695  947
695  953
695  956
696  304
696  310
696  388
696  520
696  960
696  977
697  19
697  342
697  400
697  484
697  494
697  541
697  547
697  768
697  841
697  862
697  873
697  875
697  919
697  945
697  971
698  0
698  143
698  218
698  439
698  486
698  500
698  666
698  769
698  811
698  865
698  884
698  890
698  907
698  918
698  972
698  979
699  264
699  283
699  461
699  905
699  995
700  62
700  140
700  233
700  301
700  735
700  815
700  835
700  846
700  940
700  968
700  992
701  4
701  123
701  169
701  785
701  809
701  823
701  850
701  930
701  946
701  969
701  974
701  982
702  151
702  185
702  800
702  818
702  826
702  833
702  844
702  897
702  933
702  938
702  962
702  998
703  3
703  371
703  828
703  849
703  863
703  869
703  906
703  908
703  913
703  915
703  923
703  931
703  955
703  963
703  976
703  983
703  990
704  94
704  320
704  418
704  553
704  661
704  786
704  838
704  857
704  861
704  865
704  928
704  937
704  944
705  31
705  106
705  156
705  813
705  836
705  898
705  902
705  941
705  950
705  959
705  973
705  984
705  989
705  999
706  235
706  413
706  473
706  827
706  834
706  859
706  892
706  912
706  915
706  954
706  985
706  991
706  997
707  479
707  591
707  812
707  832
707  871
707  887
707  889
707  896
707  914
707  917
707  942
707  949
707  965
708  714
708  804
708  816
708  822
708  868
708  880
708  895
708  910
708  978
709  198
709  199
709  508
709  509
709  545
709  807
709  814
709  830
709  843
709  847
709  860
709  894
709  900
709  920
709  921
709  922
709  943
709  970
710  159
710  652
710  763
710  819
710  821
710  825
710  870
710  872
710  901
710  957
710  966
710  992
711  817
711  854
711  878
711  909
711  919
711  925
711  929
711  936
711  945
711  948
711  952
711  965
711  981
711  988
712  77
712  160
712  505
712  657
712  801
712  816
712  841
712  893
712  911
712  947
712  990
712  996
713  582
713  924
713  958
713  993
714  269
714  428
714  808
714  820
714  824
714  867
714  873
714  926
714  961
714  994
714  998
715  67
715  243
715  417
715  885
715  960
715  975
715  999
716  131
716  339
716  834
716  851
716  877
716  881
716  904
716  964
716  967
716  971
716  974
716  979
717  89
717  121
717  376
717  393
717  446
717  535
717  833
717  840
717  856
717  908
717  943
717  993
718  16
718  168
718  222
718  262
718  407
718  875
718  951
718  980
719  177
719  281
719  385
719  818
719  828
719  829
719  847
719  891
719  950
719  969
719  977
720  170
720  499
720  580
720  676
720  798
720  805
720  815
720  888
720  892
720  905
720  930
720  931
720  934
720  989
721  32
721  126
721  153
721  230
721  717
721  784
721  812
721  831
721  901
721  929
721  944
722  259
722  359
722  576
722  790
722  845
722  889
722  899
722  920
722  982
723  201
723  254
723  947
724  68
724  570
724  624
724  774
724  778
724  802
724  852
724  907
724  935
724  962
725  409
725  827
725  886
725  954
725  973
726  219
726  287
726  578
726  620
726  637
726  651
726  839
726  848
726  866
726  912
726  925
726  966
726  972
727  141
727  442
727  625
727  638
727  693
727  805
727  832
727  835
727  853
727  857
727  874
727  906
727  929
728  9
728  118
728  237
728  627
728  761
728  771
728  813
728  863
728  897
728  916
728  948
728  984
728  985
729  150
729  415
729  521
729  695
729  807
729  843
729  903
729  957
730  202
730  240
730  817
730  846
730  862
731  119
731  363
731  885
731  898
731  933
731  940
731  958
731  981
731  995
732  306
732  308
732  360
732  731
732  800
732  842
732  888
732  893
732  917
732  956
732  986
732  997
733  252
733  288
733  826
733  850
733  854
733  855
733  864
733  877
733  884
733  890
733  910
733  927
733  932
733  941
733  946
734  18
734  355
734  386
734  722
734  734
734  811
734  828
734  878
734  939
734  974
735  191
735  249
735  654
735  660
735  668
735  803
735  807
735  809
735  821
735  868
735  919
735  950
735  951
735  987
736  606
736  782
736  793
736  841
736  861
736  870
736  876
736  905
736  911
736  914
736  955
736  973
737  537
737  573
737  702
737  740
737  810
737  823
737  833
737  837
737  852
737  915
737  930
737  953
737  968
737  975
738  463
738  822
738  836
738  851
738  865
738  867
738  938
738  964
738  983
739  110
739  327
739  741
739  802
739  816
739  859
739  942
739  949
739  971
739  979
739  986
740  152
740  380
740  818
740  843
740  863
740  900
740  959
740  989
740  992
741  21
741  555
741  565
741  709
741  840
741  856
741  869
741  899
741  948
742  497
742  824
742  825
742  841
742  847
742  858
742  862
742  866
742  872
742  883
742  891
742  934
742  952
743  24
743  86
743  294
743  568
743  808
743  871
743  882
743  889
743  892
743  894
743  902
743  907
743  916
743  936
743  937
743  947
743  963
743  967
743  984
744  495
744  678
744  679
744  844
744  918
744  980
744  996
745  52
745  309
745  492
745  711
745  928
745  940
746  164
746  804
746  831
746  848
746  895
746  935
746  965
747  64
747  70
747  640
747  846
747  879
747  909
747  924
748  270
748  274
748  728
748  806
748  809
748  813
748  874
748  875
748  890
748  925
748  941
748  969
749  130
749  422
749  543
749  795
749  838
749  897
749  913
749  944
749  966
749  974
749  998
750  54
750  74
750  302
750  367
750  370
750  462
750  904
750  931
750  943
751  50
751  227
751  277
751  529
751  586
751  604
751  830
751  835
751  873
751  887
751  922
751  926
751  990
752  5
752  46
752  260
752  405
752  441
752  829
752  848
752  938
752  958
752  978
753  611
753  803
753  814
753  896
753  946
753  973
754  8
754  82
754  171
754  358
754  560
754  608
754  609
754  755
754  801
754  806
754  842
754  852
754  999
755  133
755  549
755  675
755  834
755  837
755  902
755  903
755  929
755  957
756  144
756  334
756  739
756  839
756  901
756  954
756  972
757  209
757  431
757  477
757  667
757  822
757  854
757  920
757  927
757  968
757  976
757  994
757  995
758  11
758  30
758  298
758  454
758  528
758  554
758  597
758  746
758  818
758  863
758  867
758  882
758  930
758  933
758  993
758  997
759  145
759  234
759  338
759  812
759  819
759  823
759  857
759  868
759  884
759  945
759  960
760  61
760  71
760  614
760  811
760  860
760  865
760  869
760  977
761  136
761  435
761  815
761  820
761  821
761  826
761  841
761  855
761  872
761  880
761  883
761  985
762  95
762  486
762  562
762  677
762  874
762  876
762  879
762  910
762  923
762  950
762  961
763  124
763  166
763  391
763  396
763  825
763  912
763  937
763  952
763  955
763  982
763  987
763  988
763  992
764  210
764  501
764  736
764  824
764  828
764  845
764  846
764  847
764  850
764  881
764  893
764  906
764  932
764  970
765  182
765  296
765  636
765  659
765  809
765  838
765  849
765  916
765  979
766  102
766  808
766  832
766  840
766  853
766  856
766  957
767  99
767  101
767  635
767  805
767  816
767  885
767  896
767  933
767  945
768  834
768  862
768  898
768  942
768  948
768  969
769  228
769  384
769  561
769  804
769  830
769  917
769  971
769  996
770  73
770  212
770  350
770  489
770  493
770  624
770  729
770  827
770  858
770  878
770  936
770  947
770  949
770  951
770  986
770  992
771  80
771  104
771  146
771  196
771  205
771  282
771  354
771  416
771  766
771  813
771  828
771  889
771  891
771  907
771  908
771  938
771  953
771  959
772  94
772  255
772  356
772  472
772  482
772  531
772  670
772  823
772  870
772  943
772  956
772  963
772  989
772  998
773  128
773  143
773  474
773  599
773  852
773  868
773  892
773  910
773  983
773  984
774  712
774  836
774  894
774  934
774  940
774  941
774  966
775  111
775  167
775  208
775  397
775  692
775  811
775  833
775  835
775  874
775  890
775  901
775  909
775  913
775  921
775  928
775  935
776  56
776  257
776  524
776  806
776  807
776  815
776  820
776  831
776  842
776  851
776  896
776  900
776  905
776  919
776  975
776  990
777  211
777  239
777  818
777  837
777  859
777  888
777  925
777  950
777  961
777  991
778  10
778  459
778  471
778  602
778  723
778  844
778  861
778  871
778  899
778  930
778  952
778  956
778  964
778  978
779  91
779  516
779  569
779  726
779  843
779  873
779  877
779  929
779  933
779  973
779  997
780  362
780  738
780  775
780  800
780  825
780  857
780  879
780  911
780  962
780  974
780  980
781  329
781  834
781  866
781  880
781  887
781  893
781  897
781  899
781  981
782  269
782  368
782  502
782  803
782  814
782  870
782  944
782  969
782  972
783  79
783  340
783  837
783  872
783  875
783  882
783  883
783  884
783  920
783  922
783  932
783  994
784  324
784  801
784  807
784  810
784  817
784  822
784  862
784  914
784  939
784  958
785  62
785  544
785  716
785  745
785  802
785  854
785  906
785  917
785  993
785  995
786  429
786  559
786  780
786  826
786  860
786  898
787  85
787  116
787  644
787  804
787  852
787  855
787  979
788  215
788  425
788  551
788  587
788  881
788  886
788  900
788  937
788  951
788  954
788  960
789  682
789  727
789  808
789  819
789  848
789  902
789  910
789  946
790  43
790  65
790  158
790  273
790  691
790  697
790  791
790  816
790  828
790  845
790  934
790  965
791  26
791  41
791  98
791  176
791  180
791  347
791  546
791  799
791  804
791  818
791  824
791  850
791  875
791  890
791  943
791  944
791  966
791  988
791  996
792  17
792  39
792  108
792  229
792  480
792  511
792  869
792  908
792  932
792  955
792  964
792  999
793  132
793  640
793  658
793  749
793  750
793  806
793  809
793  811
793  827
793  832
793  953
793  976
793  982
793  991
793  992
794  33
794  335
794  469
794  844
794  868
794  923
794  924
794  927
794  957
794  968
794  971
794  978
795  404
795  557
795  567
795  683
795  813
795  838
795  948
795  993
796  34
796  271
796  342
796  373
796  763
796  841
796  853
796  876
796  919
796  947
796  955
796  977
797  37
797  590
797  686
797  830
797  862
797  865
797  897
797  930
797  936
797  967
797  997
798  268
798  272
798  290
798  600
798  826
798  885
798  918
798  931
798  939
798  949
799  401
799  615
799  694
799  877
799  881
799  986
799  987
800  383
800  455
800  503
800  812
800  843
800  867
800  892
800  945
800  961
800  985
801  204
801  626
801  639
801  710
801  805
801  814
801  821
801  839
801  874
801  894
801  905
801  963
801  970
802  514
802  532
802  789
802  847
802  914
802  915
803  142
803  192
803  200
803  411
803  440
803  652
803  827
803  870
803  950
803  958
803  959
804  3
804  213
804  216
804  249
804  265
804  496
804  507
804  656
804  708
804  801
804  820
804  849
804  922
804  952
804  956
804  969
804  984
804  992
805  394
805  577
805  627
805  730
805  836
805  837
805  857
805  901
805  904
805  925
805  974
805  983
806  81
806  295
806  296
806  371
806  400
806  407
806  438
806  468
806  617
806  833
806  852
806  880
806  923
806  951
806  960
806  981
807  621
807  665
807  807
807  835
807  851
807  869
807  878
807  912
807  920
807  938
807  966
807  996
808  61
808  147
808  165
808  556
808  800
808  816
808  829
808  848
808  854
808  871
808  882
808  889
808  900
808  902
808  917
808  928
808  929
808  944
808  995
809  45
809  46
809  151
809  175
809  395
809  399
809  512
809  733
809  794
809  824
809  842
809  844
809  861
809  896
809  942
809  997
810  193
810  223
810  251
810  822
810  831
810  834
810  837
810  860
810  875
810  881
810  884
810  887
810  888
810  893
810  899
810  926
810  933
810  945
810  965
810  994
811  275
811  466
811  655
811  673
811  803
811  810
811  856
811  862
811  890
811  924
811  943
811  953
811  990
812  539
812  630
812  647
812  809
812  828
812  845
812  858
812  859
812  883
812  886
812  892
812  903
812  905
812  911
812  934
812  982
812  988
812  991
813  107
813  214
813  773
813  800
813  855
813  873
813  882
813  885
813  913
813  946
813  952
813  957
813  964
813  973
813  986
813  999
814  32
814  72
814  125
814  802
814  829
814  876
814  877
814  910
814  921
814  947
814  972
814  985
815  804
815  806
815  813
815  895
815  897
815  901
815  916
815  931
815  984
815  989
815  998
816  642
816  808
816  814
816  830
816  853
816  898
816  906
816  907
816  936
816  940
817  812
817  847
817  948
817  977
817  978
817  980
817  993
817  994
818  841
818  866
818  890
818  914
818  949
819  807
819  833
819  861
819  870
819  872
819  955
819  960
819  961
820  336
820  850
820  954
820  968
821  14
821  27
821  403
821  699
821  837
821  904
821  935
821  937
821  963
822  252
822  424
822  625
822  801
822  836
822  862
822  887
822  915
822  918
823  18
823  28
823  153
823  332
823  363
823  950
823  979
824  148
824  232
824  597
824  826
824  865
824  912
824  921
825  113
825  523
825  832
825  845
825  846
825  877
825  919
825  939
825  964
825  971
826  159
826  291
826  465
826  506
826  509
826  583
826  751
826  909
826  960
826  996
827  44
827  222
827  711
827  818
827  825
827  864
827  878
827  942
827  962
827  975
828  155
828  162
828  405
828  456
828  566
828  719
828  849
828  860
828  867
828  879
828  916
828  933
829  23
829  154
829  219
829  645
829  809
829  817
829  875
829  902
829  917
830  53
830  499
830  744
830  816
830  830
830  838
830  920
830  923
830  925
830  927
830  981
830  990
831  137
831  250
831  287
831  428
831  442
831  460
831  820
831  863
831  910
831  982
831  995
832  498
832  841
832  859
833  603
833  643
833  808
833  815
833  828
833  979
833  989
834  346
834  527
834  833
835  457
835  811
835  973
835  980
835  991
836  579
836  696
836  784
836  837
836  886
836  892
836  930
836  938
836  972
836  998
837  156
837  244
837  286
837  481
837  748
837  755
837  840
837  852
837  922
837  924
837  969
837  997
838  266
838  578
838  839
838  941
838  945
838  983
839  264
839  591
839  700
839  832
839  853
839  876
839  885
839  908
839  955
840  122
840  123
840  421
840  563
840  743
840  821
840  897
841  445
841  687
841  697
841  843
841  858
842  317
842  374
842  393
842  495
842  649
842  678
842  801
842  817
842  874
842  888
842  891
842  942
842  944
842  947
842  948
842  974
843  9
843  25
843  48
843  92
843  179
843  260
843  551
843  594
843  661
843  831
843  848
843  857
843  907
843  949
843  957
843  958
843  966
844  146
844  228
844  245
844  604
844  628
844  633
844  675
844  823
844  855
844  873
844  984
844  992
845  97
845  171
845  348
845  836
845  844
845  882
845  911
845  919
845  928
846  209
846  256
846  274
846  412
846  524
846  596
846  822
846  829
846  869
846  890
846  898
846  909
846  921
846  933
846  990
847  114
847  236
847  248
847  444
847  548
847  607
847  701
847  842
847  938
847  951
847  957
847  965
847  967
847  970
848  83
848  478
848  800
848  806
848  810
848  824
848  854
848  885
848  893
848  917
848  953
848  956
848  959
848  976
848  977
848  985
848  988
848  994
848  999
849  105
849  199
849  651
849  851
849  880
849  901
849  929
850  110
850  328
850  826
850  827
850  862
850  884
850  889
850  940
850  978
851  26
851  273
851  358
851  818
851  865
851  867
851  894
851  899
851  905
851  908
851  912
851  946
851  981
851  987
852  458
852  804
852  807
852  859
852  866
852  903
852  904
852  926
852  935
852  964
853  67
853  636
853  803
853  815
853  834
853  838
853  847
853  877
853  968
853  980
854  218
854  271
854  408
854  491
854  704
854  830
854  835
854  864
854  878
854  925
854  927
854  932
854  950
854  979
854  998
855  46
855  535
855  786
855  812
855  819
855  845
855  850
855  868
855  916
855  936
855  943
855  967
855  971
856  814
856  833
856  860
856  883
856  913
856  939
856  960
856  982
857  771
857  840
857  858
857  881
857  895
857  955
858  235
858  283
858  392
858  556
858  712
858  813
858  828
858  918
858  975
859  203
859  538
859  837
859  842
859  852
859  854
859  857
859  870
859  871
859  902
859  972
860  78
860  104
860  301
860  406
860  638
860  809
860  811
860  841
860  853
860  873
860  904
860  969
860  984
861  19
861  49
861  60
861  80
861  194
861  449
861  484
861  497
861  831
861  863
861  896
861  906
861  985
862  66
862  502
862  542
862  601
862  823
862  915
862  922
862  934
862  958
862  963
863  15
863  427
863  546
863  558
863  730
863  844
863  874
863  921
863  948
864  90
864  198
864  263
864  352
864  479
864  772
864  806
864  809
864  827
864  872
864  880
864  885
864  888
864  907
864  917
864  947
864  957
864  961
864  962
864  978
864  979
865  20
865  84
865  206
865  325
865  560
865  660
865  706
865  718
865  820
865  836
865  887
865  897
865  942
865  952
865  954
866  322
866  430
866  432
866  654
866  802
866  807
866  826
866  849
866  855
866  886
866  900
866  923
867  739
867  834
867  920
867  943
867  955
867  990
867  996
868  38
868  140
868  735
868  796
868  800
868  804
868  805
868  828
868  905
868  933
868  945
868  981
868  983
869  380
869  650
869  756
869  856
869  865
869  890
869  986
870  833
870  861
870  912
870  925
870  928
870  937
870  944
870  950
870  956
870  966
871  311
871  389
871  508
871  839
871  842
871  846
871  894
871  906
871  919
872  35
872  397
872  446
872  461
872  614
872  732
872  876
872  984
872  988
873  410
873  690
873  742
873  808
873  843
873  860
873  869
873  938
873  976
873  998
873  999
874  851
874  875
874  891
874  951
874  980
875  223
875  364
875  447
875  863
875  931
875  943
875  953
875  964
875  975
876  57
876  96
876  241
876  462
876  663
876  683
876  804
876  813
876  824
876  835
876  845
876  870
876  923
876  947
877  135
877  184
877  211
877  688
877  815
877  879
877  946
877  974
877  977
877  995
878  470
878  543
878  760
878  816
878  850
878  910
878  924
878  987
878  991
879  280
879  293
879  540
879  555
879  609
879  781
879  803
879  804
879  888
879  892
879  893
879  896
879  903
879  909
880  5
880  51
880  196
880  667
880  668
880  801
880  821
880  828
880  849
880  857
880  859
880  871
880  882
880  898
880  915
880  940
880  952
880  989
880  993
881  77
881  272
881  533
881  736
881  841
881  884
881  961
881  992
881  996
881  997
882  6
882  65
882  168
882  806
882  837
882  838
882  878
882  930
882  936
883  71
883  170
883  387
883  515
883  695
883  823
883  836
883  840
883  844
883  855
883  867
883  883
883  901
883  904
883  911
883  941
884  365
884  562
884  817
884  826
884  832
884  860
884  872
884  887
884  907
884  972
884  973
885  370
885  544
885  565
885  834
885  847
885  889
885  891
885  899
885  978
885  982
885  990
886  1
886  52
886  124
886  320
886  810
886  873
886  908
886  986
887  251
887  825
887  870
887  927
887  935
887  953
888  213
888  811
888  818
888  835
888  850
888  852
888  862
888  918
888  921
888  955
888  973
889  30
889  353
889  673
889  905
889  932
889  933
889  958
889  985
890  7
890  573
890  829
890  917
890  956
890  971
891  347
891  409
891  476
891  713
891  962
891  970
891  979
892  89
892  808
892  838
892  848
892  863
892  965
892  975
892  986
892  993
893  133
893  324
893  521
893  608
893  845
893  884
893  900
893  934
893  951
894  87
894  217
894  314
894  412
894  503
894  813
894  822
894  888
894  959
894  960
894  984
895  679
895  814
895  816
895  827
895  856
895  869
895  941
895  942
895  948
895  963
896  300
896  377
896  586
896  601
896  812
896  842
896  885
896  906
897  106
897  116
897  221
897  665
897  824
897  828
897  866
897  867
897  913
897  924
897  926
897  927
897  938
897  939
897  945
897  968
898  677
898  785
898  802
898  807
898  877
898  895
898  943
898  992
899  45
899  246
899  472
899  761
899  833
899  871
899  890
899  958
899  966
899  967
899  980
899  991
899  998
900  99
900  157
900  637
900  747
900  800
900  861
900  898
900  923
900  931
900  987
900  997
901  215
901  329
901  881
901  901
901  969
901  981
902  75
902  160
902  425
902  436
902  587
902  674
902  707
902  832
902  916
902  922
902  954
903  415
903  517
903  809
903  826
903  854
903  862
903  982
903  999
904  183
904  396
904  522
904  762
904  770
904  815
904  865
904  866
904  912
904  944
904  950
904  957
904  994
905  224
905  259
905  766
905  894
905  897
905  938
905  949
905  953
906  830
906  841
906  851
906  879
906  896
906  903
906  942
907  456
907  788
907  853
907  855
907  882
907  902
907  952
907  976
907  996
908  94
908  821
908  843
908  852
908  857
908  858
908  937
908  964
909  216
909  658
909  719
909  928
909  947
909  956
909  967
909  990
910  598
910  619
910  859
910  875
910  920
910  925
910  978
910  999
911  584
911  684
911  731
911  813
911  819
911  860
911  893
911  908
911  910
911  913
911  933
911  955
912  55
912  355
912  595
912  820
912  939
912  961
913  36
913  41
913  357
913  510
913  657
913  811
913  847
913  889
913  919
913  930
913  980
914  600
914  812
914  861
914  880
914  882
914  892
914  924
914  929
914  935
914  984
915  383
915  632
915  648
915  835
915  846
915  941
916  38
916  79
916  191
916  277
916  635
916  680
916  708
916  803
916  863
916  883
916  884
916  886
916  911
916  917
916  988
916  997
917  141
917  516
917  631
917  814
917  825
917  840
917  844
917  904
917  979
918  39
918  181
918  202
918  401
918  454
918  568
918  807
918  876
918  965
918  973
918  983
918  987
918  993
919  3
919  144
919  751
919  808
919  817
919  834
919  843
919  905
919  932
920  2
920  186
920  453
920  641
920  926
920  996
921  360
921  486
921  830
921  842
921  887
921  891
921  940
921  962
921  974
921  977
921  981
921  989
922  128
922  145
922  613
922  818
922  824
922  828
922  850
922  877
922  880
922  971
923  113
923  169
923  249
923  307
923  393
923  691
923  848
923  866
923  900
923  906
924  368
924  496
924  523
924  801
924  810
924  816
924  832
924  854
924  871
924  874
924  885
924  895
924  907
924  945
924  970
924  986
925  26
925  276
925  284
925  800
925  856
925  875
925  912
925  921
926  185
926  338
926  455
926  525
926  804
926  833
926  903
926  959
926  975
927  93
927  437
927  593
927  734
927  829
927  835
927  869
927  870
927  878
927  904
927  922
928  126
928  204
928  702
928  831
928  839
928  862
928  894
928  914
928  951
928  957
928  998
929  229
929  327
929  559
929  645
929  659
929  821
929  837
929  849
929  855
929  936
929  954
930  54
930  306
930  513
930  802
930  815
930  826
930  838
930  892
930  896
930  934
930  938
930  963
930  972
931  321
931  806
931  809
931  827
931  858
931  929
931  958
932  70
932  111
932  299
932  564
932  847
932  889
932  902
932  947
933  10
933  212
933  386
933  670
933  805
933  834
933  867
933  881
933  893
933  943
933  953
933  982
933  984
933  990
934  21
934  188
934  298
934  484
934  492
934  622
934  848
934  859
934  888
934  899
934  985
935  860
935  912
935  928
935  933
935  945
936  140
936  176
936  239
936  723
936  776
936  852
936  857
936  918
936  950
936  952
936  973
936  988
937  106
937  308
937  374
937  807
937  833
937  861
937  879
937  925
937  949
937  961
937  974
938  136
938  201
938  775
938  817
938  828
938  830
938  872
938  873
938  927
938  969
938  970
938  998
939  44
939  59
939  182
939  423
939  435
939  825
939  841
939  983
940  127
940  270
940  497
940  534
940  676
940  819
940  892
940  920
940  944
940  991
941  97
941  322
941  451
941  715
941  737
941  844
941  865
941  882
941  901
941  903
941  913
941  930
941  977
941  997
942  261
942  802
942  823
942  843
942  876
942  897
942  972
942  979
942  993
943  16
943  102
943  356
943  519
943  567
943  666
943  773
943  813
943  840
943  849
943  886
943  887
943  895
943  994
944  52
944  218
944  475
944  646
944  703
944  757
944  835
944  851
944  868
944  878
944  916
944  934
944  939
944  957
944  964
945  236
945  269
945  287
945  662
945  789
945  803
945  845
945  912
946  43
946  88
946  448
946  753
946  801
946  810
946  831
946  869
946  875
946  888
946  906
946  921
946  923
946  946
946  955
946  956
947  32
947  326
947  380
947  424
947  806
947  816
947  820
947  909
947  932
947  940
947  989
948  81
948  173
948  606
948  855
948  879
948  880
948  911
948  976
948  995
949  354
949  372
949  379
949  398
949  574
949  690
949  694
949  749
949  800
949  803
949  808
949  814
949  825
949  829
949  842
949  852
949  890
949  900
949  941
949  953
949  958
949  971
949  984
950  4
950  22
950  289
950  381
950  417
950  438
950  811
950  834
950  836
950  894
950  942
950  959
950  978
950  980
951  91
951  260
951  378
951  725
951  843
951  919
951  922
951  926
951  951
951  960
951  962
952  576
952  821
952  830
952  857
952  891
952  893
952  899
952  904
952  910
952  917
952  948
952  966
952  969
952  981
952  990
952  992
952  997
953  207
953  714
953  813
953  865
953  889
953  907
953  954
954  273
954  421
954  511
954  537
954  804
954  812
954  818
954  839
954  850
954  881
954  928
954  931
954  935
954  938
954  949
954  986
954  999
955  301
955  396
955  397
955  651
955  837
955  853
955  858
955  871
955  914
955  915
955  939
955  943
956  61
956  369
956  826
956  828
956  854
956  877
956  884
956  920
956  988
957  64
957  822
957  841
957  936
957  937
957  947
957  975
957  987
958  227
958  233
958  846
958  856
958  870
958  883
958  892
958  897
959  282
959  711
959  817
959  824
959  845
959  873
959  924
959  929
959  933
959  950
959  993
960  163
960  231
960  575
960  685
960  809
960  832
960  863
960  885
960  940
960  946
960  967
960  973
961  25
961  47
961  125
961  258
961  280
961  471
961  526
961  794
961  874
961  901
961  952
961  953
962  152
962  390
962  665
962  728
962  793
962  833
962  855
963  19
963  153
963  303
963  532
963  816
963  820
963  848
963  862
963  886
963  903
963  905
963  945
963  955
963  985
964  74
964  798
964  815
964  880
964  896
964  951
964  964
964  982
964  996
964  999
965  281
965  618
965  627
965  840
965  868
965  906
965  908
965  921
966  154
966  400
966  408
966  443
966  783
966  786
966  807
966  850
966  881
966  898
966  902
966  923
966  965
966  971
967  96
967  105
967  193
967  330
967  366
967  563
967  831
967  878
967  892
967  938
967  960
967  980
967  992
968  228
968  265
968  351
968  461
968  469
968  823
968  919
968  956
969  112
969  439
969  578
969  834
969  844
969  847
969  864
969  899
969  922
969  966
970  72
970  252
970  591
970  624
970  712
970  741
970  743
970  772
970  774
970  800
970  825
970  837
970  989
971  34
971  191
971  493
971  494
971  544
971  611
971  640
971  642
971  698
971  791
971  838
971  839
971  849
971  860
971  882
971  912
971  944
971  963
971  972
971  973
971  998
972  237
972  376
972  384
972  441
972  663
972  746
972  836
972  869
972  875
972  900
972  910
972  924
972  927
972  930
972  957
972  958
972  964
972  986
973  240
973  348
973  361
973  740
973  813
973  889
973  907
973  916
973  940
973  961
973  978
974  134
974  250
974  732
974  811
974  895
974  935
974  976
974  981
974  984
975  359
975  370
975  490
975  570
975  803
975  808
975  821
975  822
975  835
975  852
975  865
975  870
975  887
975  913
975  933
975  941
975  962
975  975
976  431
976  536
976  795
976  827
976  879
976  893
976  894
976  914
976  932
976  948
976  968
977  243
977  268
977  580
977  625
977  819
977  829
977  842
977  859
977  861
977  953
977  969
977  992
978  547
978  623
978  804
978  812
978  826
978  843
978  857
978  883
978  884
978  911
978  915
978  950
978  966
978  982
978  983
979  581
979  739
979  862
979  864
979  928
979  943
979  946
979  977
979  979
980  111
980  805
980  854
980  867
980  871
980  874
980  877
980  891
980  906
980  912
980  937
980  974
980  992
981  143
981  342
981  362
981  432
981  681
981  782
981  818
981  936
981  938
981  987
981  993
982  63
982  119
982  159
982  313
982  343
982  806
982  815
982  817
982  827
982  830
982  837
982  841
982  866
982  885
982  903
982  905
982  931
982  934
982  939
982  942
982  947
982  959
982  965
982  988
982  997
983  49
983  257
983  765
983  802
983  851
983  890
983  898
983  928
983  985
983  989
984  104
984  730
984  816
984  832
984  840
984  846
984  863
984  877
984  897
984  904
984  926
984  996
985  293
985  382
985  834
985  836
985  873
985  909
986  85
986  203
986  230
986  820
986  828
986  845
986  921
986  958
986  970
987  28
987  65
987  150
987  809
987  822
987  844
987  858
987  917
987  920
987  955
987  960
987  972
987  973
987  990
988  78
988  223
988  530
988  810
988  833
988  848
988  857
988  870
988  888
988  902
988  927
988  931
988  944
988  966
989  55
989  189
989  291
989  305
989  389
989  652
989  745
989  801
989  842
989  881
989  901
989  923
989  925
989  965
990  847
990  852
990  855
990  868
990  876
990  952
991  253
991  523
991  831
991  853
991  929
991  942
991  945
992  77
992  337
992  371
992  505
992  742
992  814
992  815
992  950
992  966
992  981
993  69
993  118
993  167
993  405
993  667
993  860
993  869
993  908
993  982
994  42
994  726
994  744
994  884
994  919
994  924
995  122
995  263
995  353
995  767
995  811
995  825
995  849
995  892
995  895
995  914
995  915
995  939
995  995
996  59
996  152
996  178
996  197
996  383
996  512
996  826
996  890
996  894
996  910
996  913
996  935
996  954
997  264
997  450
997  499
997  619
997  897
997  932
997  943
997  953
997  971
997  978
997  986
997  987
998  188
998  367
998  480
998  821
998  878
998  887
998  911
998  991
999  71
999  830
999  920
999  930
999  949
999  959
999  967
999  979
999  994
