topology: 4 4 2
in: 0 0.361702 0 0.916285
out: 1.0 1.0
in: 0 0.361702 0 0.919277
out: 1.0 1.0
in: 0 0.342553 0 0.931404
out: 1.0 1.0
in: 0 0.306383 0 0.968183
out: 1.0 1.0
in: 0 0.310638 0 0.916678
out: 1.0 1.0
in: 0 0.314894 0 0.911725
out: 1.0 1.0
in: 0 0.319149 0 0.910138
out: 1.0 1.0
in: 0 0.319149 0 0.913111
out: 1.0 1.0
in: 0 0.280851 0 0.916063
out: 1.0 1.0
in: 0 0.26383 0 0.876758
out: 1.0 1.0
in: 0 0.251064 0 0.862143
out: 1.0 1.0
in: 0 0.255319 0 0.863796
out: 1.0 1.0
in: 0 0.255319 0 0.833963
out: 1.0 1.0
in: 0 0.244681 0 0.870128
out: 1.0 1.0
in: 0 0.257447 0 0.968909
out: 1.0 1.0
in: 0 0.257447 0 0.834315
out: 1.0 1.0
in: 0 0.259574 0 0.818871
out: 1.0 1.0
in: 0 0.287234 0 0.872816
out: 1.0 1.0
in: 0 0.287234 0 0.782961
out: 1.0 1.0
in: 0 0.244681 0 0.638149
out: 1.0 1.0
in: 0 0.240426 0 0.643928
out: 1.0 1.0
in: 0 0.193617 0 0.594044
out: 1.0 1.0
in: 0 0.240426 0 0.56143
out: 1.0 1.0
in: 0 0.240426 0 0.415501
out: 1.0 1.0
in: 0 0.195745 0 0.302458
out: 1.0 1.0
in: 0 0.195745 0 0.231601
out: 1.0 1.0
in: 0 0.204255 0 0.201551
out: 1.0 1.0
in: 0 0.219149 0 0.396485
out: 1.0 1.0
in: 0 0.219149 0 0.0750562
out: 1.0 1.0
in: 0 0.206383 0 0.0591262
out: 1.0 1.0
in: 0 0.217021 0 0.0455491
out: 1.0 1.0
in: 0 0.217021 0 0.0392351
out: 1.0 1.0
in: 0 0.253192 0 0.0532772
out: 1.0 1.0
in: 0 0.348936 0 0.013542
out: 1.0 1.0
in: 0 0.142553 0 0.00493202
out: 1.0 1.0
in: 0 0.165957 0 0.0271491
out: 1.0 1.0
in: 0 0.165957 0 0.00366501
out: 1.0 1.0
in: 0 0.180851 0 0.00216801
out: 1.0 1.0
in: 0 0.180851 0 0.00310701
out: 1.0 1.0
in: 0 0.0446809 0 0.00190301
out: 1.0 1.0
in: 0 0.0446809 0 0.000443001
out: 1.0 1.0
in: 0 0.121277 1 0.000847003
out: 0.0 0.0
in: 0 0.138298 0.75 0.001209
out: 0.0 0.0
in: 0 0.138298 0.5 0.001447
out: 0.0 0.0
in: 0 0.0957447 0.25 2.10001e-005
out: 0.0 0.0
in: 0 0.117021 0 0.000166
out: 0.0 0.0
in: 0 0.123404 0 5.30002e-005
out: 0.0 0.0
in: 0 0.146809 0 1.2e-005
out: 0.0 0.0
in: 0 0.170213 0 1.90001e-005
out: 0.0 0.0
in: 0 0.170213 0 0.000153
out: 0.0 0.0
in: 0 0.161702 0 0.000296001
out: 0.0 0.0
in: 0 0.161702 0 0.000154
out: 0.0 0.0
in: 0 0.153191 0 8.20002e-005
out: 0.0 0.0
in: 0 0.13617 0 2.90001e-005
out: 0.0 0.0
in: 0 0.2 0 3.00001e-005
out: 0.0 0.0
in: 0 0.2 0 4.20001e-005
out: 0.0 0.0
in: 0 0.0893617 0 4.90001e-005
out: 0.0 0.0
in: 0 0.0851064 0 3.90001e-005
out: 0.0 0.0
in: 0 0.0851064 0 3.80001e-005
out: 0.0 0.0
in: 0 0.0829787 0 6.60002e-005
out: 0.0 0.0
in: 0 0.0829787 0 8.90003e-005
out: 0.0 0.0
in: 0 0.1 0 1.1e-005
out: 0.0 0.0
in: 0 0.1 0 0.000330001
out: 0.0 0.0
in: 0 0.0978723 0 0.00871603
out: 0.0 0.0
in: 0 0.0617021 0 0.000155
out: 0.0 0.0
in: 0 0.134043 0 0.000453001
out: 0.0 0.0
in: 0 0.159574 0 0.000385001
out: 0.0 0.0
in: 0 0.174468 0 0.000109
out: 0.0 0.0
in: 0 0.174468 0 7.20002e-005
out: 0.0 0.0
in: 0 0.148936 0 0.000166
out: 0.0 0.0
in: 0 0.140426 0 0.000194001
out: 0.0 0.0
in: 0 0.170213 0 0.000218001
out: 0.0 0.0
in: 0 0.202128 0 0.000127
out: 0.0 0.0
in: 0 0.202128 0 0.000184001
out: 0.0 0.0
in: 0 0.157447 0 0.00016
out: 0.0 0.0
in: 0 0.168085 0 0.000169001
out: 0.0 0.0
in: 0 0.170213 0 0.000166
out: 0.0 0.0
in: 0 0.170213 0 0.000178001
out: 0.0 0.0
in: 0 0.153191 0 0.000233001
out: 0.0 0.0
in: 0 0.146809 0 0.000164
out: 0.0 0.0
in: 0 0.140426 0 0.000142
out: 0.0 0.0
in: 0 0.168085 0 0.000229001
out: 0.0 0.0
in: 0 0.16383 0 0.000201001
out: 0.0 0.0
in: 0 0.102128 0 0.000178001
out: 0.0 0.0
in: 0 0.125532 0 0.000194001
out: 0.0 0.0
in: 0 0.125532 0 0.000240001
out: 0.0 0.0
in: 0 0.0702128 0 0.000270001
out: 0.0 0.0
in: 0 0.104255 1 0.000259001
out: 0.0 0.0
in: 0 0.165957 0.75 0.000270001
out: 0.0 0.0
in: 0 0.180851 0.5 8.00002e-005
out: 0.0 0.0
in: 0 0.180851 0.25 9.00003e-005
out: 0.0 0.0
in: 0 0.180851 0 0.000141
out: 0.0 0.0
in: 0 0.159574 0 0.00015
out: 0.0 0.0
in: 0 0.182979 0 0.000221001
out: 0.0 0.0
in: 0 0.185106 0 0.000248001
out: 0.0 0.0
in: 0 0.212766 0 8.80003e-005
out: 0.0 0.0
in: 0 0.223404 0 0.001741
out: 0.0 0.0
in: 0 0.253192 0 0.000768002
out: 0.0 0.0
in: 0 0.293617 0 8.70003e-005
out: 0.0 0.0
in: 0 0.293617 0 0.992029
out: 0.0 0.0
in: 0 0.229787 0 0.985777
out: 0.0 0.0
in: 0 0.144681 0 0.667071
out: 0.0 0.0
in: 0 0.0617021 0 0.685639
out: 0.0 0.0
in: 0 0.151064 0 0.73702
out: 0.0 0.0
in: 0 0.151064 0 0.697665
out: 0.0 0.0
in: 0 0.16383 0 0.0666882
out: 0.0 0.0
in: 0 0.16383 0 0.0684492
out: 0.0 0.0
in: 0 0.102128 0 0.0676302
out: 0.0 0.0
in: 0 0.219149 1 0.0882833
out: 0.0 0.0
in: 0 0.219149 0.75 0.0570002
out: 0.0 0.0
in: 0 0.225532 0.5 0.0572662
out: 0.0 0.0
in: 0 0.225532 0.25 0.0610102
out: 0.0 0.0
in: 0 0.0680851 0 0.0656642
out: 0.0 0.0
in: 0 0.180851 0 0.0692092
out: 0.0 0.0
in: 0 0.22766 0 0.0502432
out: 0.0 0.0
in: 0 0.280851 0 0.219052
out: 0.0 0.0
in: 0 0.295745 0 0.183502
out: 0.0 0.0
in: 0.00653595 0.297872 0 0.182159
out: 0.0 0.0
in: 0.0849673 0.231915 0 0.159405
out: 0.0 0.0
in: 0.385621 0.1 0 0.139042
out: 0.0 0.0
in: 0.294118 0.165957 0 0.120113
out: 0.0 0.0
in: 0.130719 0.168085 0 0.11822
out: 0.0 0.0
in: 0.124183 0.0510638 0 0.122163
out: 0.0 0.0
in: 0 0.0595745 0 0.114997
out: 0.0 0.0
in: 0.00653595 0.0893617 0 0.112629
out: 0.0 0.0
in: 0 0.195745 0 0.106798
out: 0.0 0.0
in: 0 0.2 0 0.104337
out: 0.0 0.0
in: 0 0.110638 0 0.0879073
out: 0.0 0.0
in: 0 0.114894 0 0.0896503
out: 0.0 0.0
in: 0 0.108511 0 0.0812552
out: 0.0 0.0
in: 0 0.125532 0 0.0755282
out: 0.0 0.0
in: 0 0.110638 0 0.0339381
out: 0.0 0.0
in: 0.0196078 0.106383 0 0.0367281
out: 0.0 0.0
in: 0.0653595 0.117021 0 0.0285651
out: 0.0 0.0
in: 0.00653595 0.0914894 0 0.0265201
out: 0.0 0.0
in: 0 0.1 0 0.0338661
out: 0.0 0.0
in: 0 0.146809 0 0.0318621
out: 0.0 0.0
in: 0 0.153191 0 0.0282291
out: 0.0 0.0
in: 0 0.12766 0 0.0267791
out: 0.0 0.0
in: 0 0.134043 0 0.0271641
out: 0.0 0.0
in: 0 0.108511 0 0.0220591
out: 0.0 0.0
in: 0 0.114894 0 0.0276121
out: 0.0 0.0
in: 0 0.121277 0 0.0227661
out: 0.0 0.0
in: 0 0.189362 0 0.0285281
out: 0.0 0.0
in: 0 0.33617 0 0.0182121
out: 0.0 0.0
in: 0.686275 0.348936 0 0.0207821
out: 0.0 0.0
in: 0 0.104255 0 0.0220571
out: 0.0 0.0
in: 0 0.00851064 0 0.0180211
out: 0.0 0.0
in: 0 0.00851064 0 0.0176751
out: 0.0 0.0
in: 0 0.0659574 0 0.0211501
out: 0.0 0.0
in: 0.0196078 0.0659574 0 0.0182161
out: 0.0 0.0
in: 0 0.108511 0 0.317772
out: 0.0 0.0
in: 0.261438 0.123404 0 0.0183741
out: 0.0 0.0
in: 0.745098 0.123404 0 0.0174011
out: 0.0 0.0
in: 0.699346 0.102128 0 0.0465491
out: 0.0 0.0
in: 0 0.348936 0 0.0237011
out: 0.0 0.0
in: 0 0.276596 0 0.0485571
out: 0.0 0.0
in: 0 0.434043 0 0.0173991
out: 0.0 0.0
in: 0 0.434043 0 0.000619002
out: 0.0 0.0
in: 0 0.412766 0 0.0356021
out: 0.0 0.0
in: 0 0.395745 0 0.00351501
out: 0.0 0.0
in: 0 0.376596 0 0.00395901
out: 0.0 0.0
in: 0 0.412766 0 0.00316501
out: 0.0 0.0
in: 0 0.297872 0 0.00466901
out: 0.0 0.0
in: 0.196078 0.261702 0 0.00900703
out: 0.0 0.0
in: 0.222222 0.185106 0 0.013086
out: 0.0 0.0
in: 0.0196078 0.2 0 0.0312521
out: 0.0 0.0
in: 0.751634 0.2 0 0.0325391
out: 0.0 0.0
in: 0.00653595 0.238298 0 0.0315511
out: 0.0 0.0
in: 0 0.321277 0 0.0463571
out: 0.0 0.0
in: 0.0196078 0.355319 0 0.0286701
out: 0.0 0.0
in: 0.379085 0.191489 0 0.0330861
out: 0.0 0.0
in: 0.0326797 0.206383 0 0.0396461
out: 0.0 0.0
in: 0.117647 0.278723 0 0.0960483
out: 0.0 0.0
in: 0.137255 0.193617 0 0.0547962
out: 0.0 0.0
in: 0.281046 0.304255 0 0.0588092
out: 0.0 0.0
in: 0 0.387234 0 0.0592662
out: 0.0 0.0
in: 0 0.502128 0 0.0549712
out: 0.0 0.0
in: 0 0.378723 0 0.0359181
out: 0.0 0.0
in: 0 0.361702 0 0.0367891
out: 0.0 0.0
in: 0 0.410638 0 0.0368361
out: 0.0 0.0
in: 0 0.438298 0 0.0367951
out: 0.0 0.0
in: 0 0.382979 0 0.0332641
out: 0.0 0.0
in: 0.00653595 0.476596 0 0.0364391
out: 0.0 0.0
in: 0.143791 0.191489 0 0.0186641
out: 0.0 0.0
in: 0.00653595 0.370213 0 0.0185791
out: 0.0 0.0
in: 0.0130719 0.370213 0 0.0207471
out: 0.0 0.0
in: 0 0.310638 0 0.0203981
out: 0.0 0.0
in: 0.0261438 0.357447 0 0.0196911
out: 0.0 0.0
in: 0.00653595 0.461702 0 0.0190351
out: 0.0 0.0
in: 0 0.391489 0 0.016384
out: 0.0 0.0
in: 0.169935 0.474468 0 0.01202
out: 0.0 0.0
in: 0.0261438 0.431915 0 0.0196461
out: 0.0 0.0
in: 0 0.431915 0 0.011792
out: 0.0 0.0
in: 0 0.465957 0 0.00825302
out: 0.0 0.0
in: 0 0.523404 0 0.00866903
out: 0.0 0.0
in: 0 0.534043 0 0.00382001
out: 0.0 0.0
in: 0 0.517021 0 0.00211201
out: 0.0 0.0
in: 0 0.548936 0 0.001329
out: 0.0 0.0
in: 0 0.548936 0 0.001269
out: 0.0 0.0
in: 0.00653595 0.538298 0 0.000530002
out: 0.0 0.0
in: 0.0980392 0.312766 0 0.013892
out: 0.0 0.0
in: 0 0.546808 0 0.00320101
out: 0.0 0.0
in: 0 0.548936 0 0.00790602
out: 0.0 0.0
in: 0.0718954 0.561702 0 0.00802002
out: 0.0 0.0
in: 0 0.621277 0 0.00670502
out: 0.0 0.0
in: 0.00653595 0.589362 0 0.00593802
out: 0.0 0.0
in: 0 0.62766 0 0.00572402
out: 0.0 0.0
in: 0.124183 0.62766 0 0.00563302
out: 0.0 0.0
in: 0 0.580851 0 0.00843002
out: 0.0 0.0
in: 0 0.597872 0 0.00850803
out: 0.0 0.0
in: 0 0.646809 0 0.00656802
out: 0.0 0.0
in: 0 0.787234 0 0.00203401
out: 0.0 0.0
in: 0 0.746809 0 0.00902603
out: 0.0 0.0
in: 0 0.844681 0 0.00798302
out: 0.0 0.0
in: 0 0.644681 0 0.00244901
out: 0.0 0.0
in: 0 0.646809 0 7.00002e-006
out: 0.0 0.0
in: 0 0.52766 0 0
out: 0.0 0.0
in: 0 0.480851 0 0.00386001
out: 0.0 0.0
in: 0 0.661702 0 0.00327601
out: 0.0 0.0
in: 0 0.646809 0 0.00778202
out: 0.0 0.0
in: 0 0.651064 0 0.00657302
out: 0.0 0.0
in: 0 0.685106 0 0.001008
out: 0.0 0.0
in: 0 0.695745 0 0.00881503
out: 0.0 0.0
in: 0 0.746809 0 0.013206
out: 0.0 0.0
in: 0 0.748936 0 0.014259
out: 0.0 0.0
in: 0 0.8 0 0.014
out: 0.0 0.0
in: 0 0.87234 0 0.012056
out: 0.0 0.0
in: 0 0.723404 0 0.012943
out: 0.0 0.0
in: 0 0.0744681 0 0.011067
out: 0.0 0.0
in: 0 0.602128 0 0.00933303
out: 0.0 0.0
in: 0 0.77234 0 0.00665102
out: 0.0 0.0
in: 0 0.680851 0 0.0215361
out: 0.0 0.0
in: 0 0.680851 0 0.00732002
out: 0.0 0.0
in: 0 0.0659574 0 0.00556502
out: 1.0 1.0
in: 0 0.691489 0 0.016107
out: 1.0 1.0
in: 0 0.0659574 0 0.013083
out: 1.0 1.0
in: 0 0.838298 0 0.0180041
out: 1.0 1.0
in: 0 0.791489 0 0.00801002
out: 1.0 1.0
in: 0 0.721277 0 0.0177471
out: 1.0 1.0
in: 0 0.748936 0 0.0235811
out: 1.0 1.0
in: 0 0.674468 0 0.011941
out: 1.0 1.0
in: 0 0.746809 0 0.010171
out: 1.0 1.0
in: 0 0.82766 0 0.0264351
out: 1.0 1.0
in: 0 0.72766 0 0.0306611
out: 1.0 1.0
in: 0 0.670213 0 0.0290251
out: 1.0 1.0
in: 0 0.817021 0 0.0264931
out: 1.0 1.0
in: 0 0.787234 0 0.0213171
out: 1.0 1.0
in: 0 0.706383 0 0.0186531
out: 1.0 1.0
in: 0 0.86383 0 0.0189521
out: 1.0 1.0
in: 0 0.797872 0 0.0203671
out: 1.0 1.0
in: 0 0.625532 0 0.0358481
out: 1.0 1.0
in: 0.00653595 0.63617 0 0.0176341
out: 1.0 1.0
in: 0 0.621277 0 0.016652
out: 1.0 1.0
in: 0 0.638298 0 0.016049
out: 1.0 1.0
in: 0 0.661702 0 0.015426
out: 1.0 1.0
in: 0 0.668085 0 0.013643
out: 1.0 1.0
in: 0 0.574468 0 0.013434
out: 1.0 1.0
in: 0 0.806383 0 0.011176
out: 1.0 0.0
in: 0 0.810638 0 0.013881
out: 1.0 0.0
in: 0 0.838298 0 0.011488
out: 1.0 0.0
in: 0 0.821277 0 0.00694402
out: 1.0 0.0
in: 0 0.676596 0 0.0179731
out: 1.0 0.0
in: 0 0.917021 0 0.015704
out: 1.0 0.0
in: 0 0.759574 0 0.0169541
out: 1.0 0.0
in: 0 0.755319 0 0.0219891
out: 1.0 0.0
in: 0 0.76383 0 0.0393081
out: 1.0 0.0
in: 0 0.674468 0 0.101948
out: 1.0 0.0
in: 0 0.719149 0 0.0363011
out: 1.0 0.0
in: 0 0.670213 0 0.0223421
out: 1.0 0.0
in: 0 0.740426 0 0.0280011
out: 1.0 0.0
in: 0 0.778723 0 0.0301501
out: 1.0 0.0
in: 0 0.695745 0 0.0267681
out: 1.0 1.0
in: 0 0.759574 0 0.0264431
out: 1.0 1.0
in: 0 0.778723 0 0.0279601
out: 1.0 1.0
in: 0 0.780851 0 0.0238891
out: 1.0 1.0
in: 0 0.734043 0 0.0237211
out: 1.0 1.0
in: 0 0.674468 0 0.0195081
out: 1.0 1.0
in: 0 0.602128 0 0.0281211
out: 1.0 1.0
in: 0.00653595 0.529787 0 0.016677
out: 1.0 1.0
in: 0 0.565957 0 0.011175
out: 1.0 1.0
in: 0 0.702128 0 0.0593642
out: 1.0 1.0
in: 0 0.687234 0 0.0261631
out: 1.0 1.0
in: 0 0.731915 0 0.0278301
out: 1.0 1.0
in: 0.0196078 0.617021 0 0.0261611
out: 1.0 1.0
in: 0 0.546808 0 0.00950003
out: 1.0 1.0
in: 0 0.653192 0 0.0501812
out: 1.0 1.0
in: 0 0.653192 0 0.0361381
out: 1.0 1.0
in: 0 0.668085 0 0.0473091
out: 1.0 1.0
in: 0 0.619149 0 0.0394261
out: 1.0 1.0
in: 0 0.642553 0 0.0550592
out: 1.0 1.0
in: 0 0.625532 0 0.0523282
out: 1.0 1.0
in: 0 0.62766 0 0.104601
out: 1.0 1.0
in: 0 0.657447 0 0.0859913
out: 1.0 1.0
in: 0 0.742553 0 0.0842573
out: 1.0 1.0
in: 0 0.634043 0 0.0705522
out: 1.0 1.0
in: 0 0.591489 0 0.0664412
out: 1.0 1.0
in: 0 0.623404 0 0.0628172
out: 1.0 1.0
in: 0 0.438298 0 0.0991703
out: 1.0 1.0
in: 0 0.508511 0 0.0834702
out: 1.0 1.0
in: 0 0.555319 0 0.0636772
out: 1.0 1.0
in: 0 0.557447 0 0.0567842
out: 1.0 1.0
in: 0 0.148936 0 0.0591722
out: 1.0 1.0
in: 0 0.587234 0 0.0776092
out: 1.0 1.0
in: 0 0.587234 0 0.0832193
out: 1.0 1.0
in: 0 0.534043 0 0.109629
out: 1.0 1.0
in: 0 0.534043 0 0.140307
out: 1.0 1.0
in: 0 0.62766 0 0.132782
out: 1.0 1.0
in: 0 0.589362 0 0.190199
out: 1.0 1.0
in: 0 0.62766 0 0.282658
out: 1.0 1.0
in: 0 0.62766 0 0.234295
out: 1.0 1.0
in: 0 0.548936 0 0.283116
out: 1.0 1.0
in: 0 0.548936 0 0.211011
out: 1.0 1.0
in: 0 0.591489 0 0.212492
out: 1.0 1.0
in: 0 0.591489 0 0.220216
out: 1.0 1.0
in: 0 0.551064 0 0.236296
out: 1.0 1.0
in: 0 0.495745 0 0.206541
out: 1.0 1.0
in: 0 0.574468 0 0.250946
out: 1.0 1.0
in: 0 0.574468 0 0.234351
out: 1.0 1.0
in: 0 0.531915 0 0.405753
out: 1.0 1.0
in: 0 0.423404 0 0.36072
out: 1.0 1.0
in: 0 0.423404 0 0.396482
out: 1.0 1.0
in: 0.137255 0.382979 0 0.420421
out: 1.0 1.0
in: 0 0.382979 0 0.453708
out: 1.0 1.0
in: 0.0653595 0.380851 0 0.533185
out: 1.0 1.0
in: 0.183007 0.240426 0 0.0608082
out: 1.0 1.0
in: 0 0.344681 0 0.0575432
out: 1.0 1.0
in: 0 0.397872 0 0.0719602
out: 1.0 1.0
in: 0 0.397872 0 0.0533472
out: 1.0 1.0
in: 0 0.429787 0 0.0540052
out: 1.0 1.0
in: 0 0.429787 0 0.0360741
out: 1.0 1.0
in: 0 0.421277 0 0.0389261
out: 1.0 1.0
in: 0 0.421277 0 0.0539012
out: 1.0 1.0
in: 0.0522876 0.270213 0 0.0494401
out: 1.0 1.0
in: 0 0.285106 0 0.0606992
out: 1.0 1.0
in: 0 0.306383 0 0.0559502
out: 1.0 1.0
in: 0 0.43617 0 0.0495331
out: 1.0 1.0
in: 0 0.576596 0 0.0448771
out: 1.0 1.0
in: 0 0.37234 0 0.0450271
out: 1.0 1.0
in: 0 0.37234 0 0.0442411
out: 1.0 1.0
in: 0 0.353191 0 0.0399821
out: 1.0 1.0
in: 0 0.334043 0 0.0375981
out: 1.0 1.0
in: 0 0.334043 0 0.0367001
out: 1.0 1.0
in: 0 0.32766 0 0.0461371
out: 1.0 0.0
in: 0.235294 0.238298 0 0.0401071
out: 1.0 0.0
in: 0 0.37234 0 0.0461731
out: 1.0 0.0
in: 0 0.37234 0 0.0332641
out: 1.0 0.0
in: 0 0.265957 0 0.114583
out: 1.0 0.0
in: 0 0.268085 0 0.0330101
out: 1.0 0.0
in: 0 0.274468 0 0.0716512
out: 1.0 0.0
in: 0 0.274468 0 0.0295391
out: 1.0 0.0
in: 0 0.278723 0 0.0320481
out: 1.0 0.0
in: 0.00653595 0.278723 0 0.0528722
out: 1.0 0.0
in: 0 0.257447 0 0.0559072
out: 1.0 0.0
in: 0 0.348936 0 0.0408641
out: 1.0 0.0
in: 0 0.348936 0 0.0548242
out: 1.0 0.0
in: 0 0.270213 0 0.0482451
out: 1.0 0.0
in: 0 0.270213 0 0.0512592
out: 1.0 0.0
in: 0 0.257447 0 0.0575502
out: 1.0 1.0
in: 0.163399 0.257447 0 0.0786972
out: 1.0 1.0
in: 0 0.170213 0 0.0748292
out: 1.0 1.0
in: 0 0.170213 0 0.0642542
out: 1.0 1.0
in: 0.00653595 0.193617 0 0.0596232
out: 1.0 1.0
in: 0 0.195745 0 0.0617852
out: 1.0 1.0
in: 0 0.353191 0 0.0651642
out: 1.0 1.0
in: 0 0.353191 0 0.0637662
out: 1.0 1.0
in: 0 0.246809 0 0.0654392
out: 1.0 1.0
in: 0.0130719 0.246809 0 0.0781822
out: 1.0 1.0
in: 0 0.210638 0 0.0572622
out: 1.0 1.0
in: 0 0.265957 0 0.0544242
out: 1.0 1.0
in: 0 0.229787 0 0.0733912
out: 1.0 1.0
in: 0.00653595 0.229787 0 0.0536842
out: 1.0 1.0
in: 0 0.131915 0 0.0612222
out: 1.0 1.0
in: 0.0130719 0.0531915 0 0.0596712
out: 1.0 1.0
in: 0.320261 0.0255319 0 0.0763952
out: 1.0 1.0
in: 0.267974 0.0595745 0 0.0485991
out: 1.0 1.0
in: 0.0261438 0.108511 0 0.0404061
out: 1.0 1.0
in: 0 0.153191 0 0.0512882
out: 1.0 1.0
in: 0 0.140426 0 0.0366411
out: 1.0 1.0
in: 0 0.140426 0 0.0315601
out: 1.0 1.0
in: 0 0.159574 0 0.0301091
out: 1.0 1.0
in: 0 0.278723 0 0.0276111
out: 1.0 1.0
in: 0 0.144681 0 0.0297201
out: 1.0 1.0
in: 0 0.144681 0 0.0282931
out: 1.0 1.0
in: 0 0.234043 0 0.0247231
out: 1.0 1.0
in: 0 0.234043 0 0.0231741
out: 1.0 1.0
in: 0 0.159574 0 0.0254051
out: 1.0 1.0
in: 0 0.161702 0 0.0241801
out: 1.0 1.0
in: 0 0.13617 0 0.0242861
out: 1.0 1.0
in: 0 0.142553 0 0.0252631
out: 1.0 1.0
in: 0 0.142553 0 0.0240641
out: 1.0 1.0
in: 0 0.148936 0 0.0198181
out: 1.0 1.0
in: 0 0.131915 0 0.0249101
out: 1.0 1.0
in: 0 0.0851064 0 0.0238281
out: 1.0 1.0
in: 0.0130719 0.134043 0 0.0262291
out: 1.0 1.0
in: 0.856209 0.134043 0 0.0254201
out: 1.0 1.0
in: 0.30719 0.0723404 0 0.0291131
out: 0.0 0.0
in: 0 0.0914894 0 0.0305061
out: 0.0 0.0
in: 0 0.0914894 0 0.0324161
out: 0.0 0.0
in: 0 0.148936 0 0.0331181
out: 0.0 0.0
in: 0 0.0978723 0 0.0357391
out: 0.0 0.0
in: 0 0.138298 0 0.0388741
out: 0.0 0.0
in: 0 0.138298 0 0.0379551
out: 0.0 0.0
in: 0.0653595 0.121277 0 0.0408351
out: 0.0 0.0
in: 0.00653595 0.0723404 0 0.0450131
out: 0.0 0.0
in: 0 0.110638 0 0.0470701
out: 0.0 0.0
in: 0 0.112766 0 0.0518242
out: 0.0 0.0
in: 0 0.229787 0 0.0514032
out: 0.0 0.0
in: 0 0.229787 0 0.0524252
out: 0.0 0.0
in: 0 0.104255 0 0.0618112
out: 0.0 0.0
in: 0.163399 0.0531915 0 0.0489901
out: 0.0 0.0
in: 0 0.0170213 0 0.0602922
out: 0.0 0.0
in: 0 0.0914894 0 0.141567
out: 0.0 0.0
in: 0 0.119149 0 0.0683782
out: 0.0 0.0
in: 0 0.121277 0 0.0533962
out: 0.0 0.0
in: 0 0.106383 0 0.151096
out: 0.0 0.0
in: 0 0.131915 0 0.0768412
out: 0.0 0.0
in: 0.0261438 0.0787234 0 0.0796272
out: 0.0 0.0
in: 0.137255 0.012766 0 0.120623
out: 0.0 0.0
in: 0.0130719 0.0446809 0 0.103797
out: 0.0 0.0
in: 0 0.112766 0 0.0467291
out: 0.0 0.0
in: 0 0.119149 0 0.0525002
out: 0.0 0.0
in: 0 0.119149 0 0.0509532
out: 0.0 0.0
in: 0 0.0255319 0 0.0535762
out: 0.0 0.0
in: 0.0196078 0.0404255 0 0.0520852
out: 0.0 0.0
in: 0.00653595 0.106383 0 0.0531912
out: 0.0 0.0
in: 0.196078 0.106383 0 0.0513442
out: 0.0 0.0
in: 0.00653595 0.123404 0 0.0543472
out: 0.0 0.0
in: 0.0326797 0.123404 0 0.0574822
out: 0.0 0.0
in: 0 0.0297872 0 0.0524882
out: 0.0 0.0
in: 1 0.13617 0 0.0544772
out: 0.0 0.0
in: 0.228758 0.0617021 0 0.0562782
out: 0.0 0.0
in: 0 0.1 0 0.0775172
out: 0.0 0.0
in: 0 0.0829787 0 0.122229
out: 0.0 0.0
in: 0 0.185106 0 0.0677832
out: 0.0 0.0
in: 0 0.185106 0 0.0816252
out: 0.0 0.0
in: 0.0653595 0.0659574 0 0.0837153
out: 0.0 0.0
in: 0.00653595 0.0361702 0 0.0879543
out: 0.0 0.0
in: 0.00653595 0.1 0 0.110244
out: 0.0 0.0
in: 0.104575 0.0319149 0 0.0976543
out: 0.0 0.0
in: 0 0.00425532 0 0.0782772
out: 0.0 0.0
in: 0.0196078 0.00851064 0 0.0770992
out: 0.0 0.0
in: 0 0.119149 0 0.0978573
out: 0.0 0.0
in: 0 0.00212766 0 0.0862683
out: 0.0 0.0
in: 0.581699 0.219149 0 0.0868073
out: 0.0 0.0
in: 0 0.540426 0 0.110416
out: 0.0 0.0
in: 0 0.240426 0 0.0925553
out: 0.0 0.0
in: 0 0.0489362 0 0.0900783
out: 0.0 0.0
in: 0 0.0340426 0 0.0921813
out: 0.0 0.0
in: 0 0.0212766 0 0.103465
out: 0.0 0.0
in: 0 0.0212766 0 0.0674912
out: 0.0 0.0
in: 0 0 0 0.102437
out: 0.0 0.0
in: 0 0.0382979 0 0.0424591
out: 0.0 0.0
in: 0.00653595 0.0212766 0 0.0930993
out: 0.0 0.0
in: 0 0.0340426 0 0.0783932
out: 0.0 0.0
in: 0 0.178723 0 0.0502832
out: 0.0 0.0
in: 0 0.308511 0 0.0345331
out: 0.0 0.0
in: 0 0.0510638 0 0.0440551
out: 0.0 0.0
in: 0 0.285106 0 0.0578372
out: 0.0 0.0
in: 0 0.0446809 0 0.0824123
out: 0.0 0.0
in: 0 0.0531915 0 0.0525262
out: 0.0 0.0
in: 0 0.13617 0 0.0458871
out: 0.0 0.0
in: 0.00653595 0.112766 0 0.0407651
out: 0.0 0.0
in: 0 0.314894 0 0.131907
out: 0.0 0.0
in: 0 0.402128 0 0.00255301
out: 0.0 0.0
in: 0 0.0425532 0 0.00220201
out: 0.0 0.0
in: 0 0.0468085 0 0.00358101
out: 0.0 0.0
in: 0 0.0531915 0 0.0212951
out: 0.0 0.0
in: 0 0.0638298 0 0.000875003
out: 0.0 0.0
in: 0 0.0808511 0 0.0557652
out: 0.0 0.0
in: 0.00653595 0.389362 0 0.0248621
out: 0.0 0.0
in: 0 0.214894 0 0.0521142
out: 0.0 0.0
in: 0.0261438 0.357447 0 0.000192001
out: 0.0 0.0
in: 0 0.280851 0 0.001202
out: 0.0 0.0
in: 0 0.344681 0 0.001336
out: 0.0 0.0
in: 0 0.289362 0 0.00300201
out: 0.0 0.0
in: 0 0.297872 0 0.00524802
out: 0.0 0.0
in: 0 0.302128 0 0.00365201
out: 0.0 0.0
in: 0 0.468085 0 0.00715802
out: 0.0 0.0
in: 0 0.468085 0 0.00197201
out: 0.0 0.0
in: 0.00653595 0.402128 0 0.001258
out: 0.0 0.0
in: 0 0.46383 0 0.00394501
out: 0.0 0.0
in: 0 0.491489 0 0.00250201
out: 0.0 0.0
in: 0 0.255319 0 0.00569102
out: 0.0 0.0
in: 0 0.434043 0 0.000707002
out: 0.0 0.0
in: 0.169935 0.248936 0 0.0517712
out: 0.0 0.0
in: 0.0915033 0.357447 0 0.000426001
out: 0.0 0.0
in: 0.261438 0.210638 0 0.000192001
out: 0.0 0.0
in: 0.00653595 0.329787 0 0.00645202
out: 0.0 0.0
in: 0.0196078 0.355319 0 0.00223701
out: 0.0 0.0
in: 0 0.325532 0 0.00226001
out: 0.0 0.0
in: 0 0.387234 0 0.00185401
out: 0.0 0.0
in: 0 0.451064 0 0.00215601
out: 0.0 0.0
in: 0.00653595 0.451064 0 0.001411
out: 0.0 0.0
in: 0 0.442553 0 0.001008
out: 0.0 0.0
in: 0 0.442553 0 0.0174171
out: 0.0 0.0
in: 0 0.0680851 0 0.001023
out: 0.0 0.0
in: 0 0.561702 0 0.00160601
out: 0.0 0.0
in: 0 0.561702 0 0.001286
out: 0.0 0.0
in: 0 0.510638 0 0.000518002
out: 0.0 0.0
in: 0.0130719 0.57234 0 0.0791712
out: 0.0 0.0
in: 0.00653595 0.580851 0 0.00214201
out: 0.0 0.0
in: 0.0130719 0.580851 0 0.000755002
out: 0.0 0.0
in: 0 0.529787 0 0.000575002
out: 0.0 0.0
in: 0 0.529787 0 0.00361201
out: 0.0 0.0
in: 0 0.480851 0 0.001646
out: 0.0 0.0
in: 0 0.587234 0 0.00463601
out: 0.0 0.0
in: 0 0.640426 0 0.00438401
out: 0.0 0.0
in: 0 0.72766 0 0.00332301
out: 0.0 0.0
in: 0 0.72766 0 0.00467401
out: 0.0 0.0
in: 0 0.517021 0 0.00321901
out: 0.0 0.0
in: 0 0.434043 0 0.000557002
out: 0.0 0.0
in: 0 0.542553 0 0.000189001
out: 1.0 1.0
in: 0 0.595745 0 0.001424
out: 1.0 1.0
in: 0 0.629787 0 0.000145
out: 1.0 1.0
in: 0 0.691489 0 2.70001e-005
out: 1.0 1.0
in: 0 0.565957 0 7.30002e-005
out: 1.0 1.0
in: 0 0.648936 0 0.00174
out: 1.0 1.0
in: 0 0.729787 0 0.00258601
out: 1.0 1.0
in: 0 0.744681 0 0.00139
out: 1.0 1.0
in: 0 0.661702 0 0.00222901
out: 1.0 1.0
in: 0 0.7 0 0.00255101
out: 1.0 1.0
in: 0 0.6 0 0.00230301
out: 1.0 1.0
in: 0 0.625532 0 0.00220401
out: 1.0 1.0
in: 0 0.665957 0 0.00194601
out: 1.0 1.0
in: 0 0.670213 0 0.00192001
out: 1.0 1.0
in: 0 0.748936 0 0.00188701
out: 1.0 1.0
in: 0 0.791489 0 0.00181901
out: 1.0 1.0
in: 0 0.680851 0 0.00217001
out: 1.0 1.0
in: 0 0.968085 0 0.001462
out: 1.0 1.0
in: 0 0.814894 0 0.00199801
out: 1.0 1.0
in: 0 0.844681 0 0.00217201
out: 1.0 1.0
in: 0 1 0 0.00186701
out: 1.0 1.0
in: 0 0.959574 0 0.00220101
out: 1.0 1.0
in: 0 0.682979 0 0.00245001
out: 1.0 1.0
in: 0 0.591489 0 0.000584002
out: 1.0 1.0
in: 0 0.825532 0 0.000558002
out: 1.0 1.0
in: 0 0.429787 0 0.001018
out: 1.0 1.0
in: 0.0130719 0.544681 0 0.00462301
out: 1.0 1.0
in: 0 0.676596 0 0.00792502
out: 1.0 1.0
in: 0 0.610638 0 0.0446581
out: 1.0 1.0
in: 0 0.629787 0 0.0323661
out: 1.0 1.0
in: 0 0.755319 0 0.012746
out: 1.0 1.0
in: 0 0.691489 0 0.0168051
out: 1.0 1.0
in: 0 0.706383 0 0.0336231
out: 1.0 1.0
in: 0 0.814894 0 0.0412011
out: 1.0 1.0
in: 0 0.634043 0 0.0348581
out: 1.0 1.0
in: 0 0.674468 0 0.0410431
out: 1.0 1.0
in: 0 0.646809 0 0.0580892
out: 1.0 1.0
in: 0 0.682979 0 0.0771032
out: 1.0 1.0
in: 0 0.73617 0 0.114496
out: 1.0 1.0
in: 0 0.746809 0 0.156667
out: 1.0 1.0
in: 0 0.774468 0 0.134443
out: 1.0 1.0
in: 0 0.748936 0 0.123048
out: 1.0 1.0
in: 0 0.625532 0 0.123737
out: 1.0 1.0
in: 0 0.62766 0 0.175282
out: 1.0 1.0
in: 0 0.73617 0 0.171542
out: 1.0 1.0
in: 0 0.746809 0 0.168801
out: 1.0 1.0
in: 0 0.721277 0 0.136367
out: 1.0 1.0
in: 0 0.840426 0 0.138509
out: 1.0 1.0
in: 0 0.895745 0 0.20965
out: 1.0 1.0
in: 0 0.808511 0 0.202537
out: 1.0 1.0
in: 0 0.787234 0 0.231616
out: 1.0 1.0
in: 0 0.0744681 0 0.233647
out: 1.0 1.0
in: 0 0.768085 0 0.307783
out: 1.0 1.0
in: 0 0.759574 0 0.329766
out: 1.0 1.0
in: 0 0.942553 0 0.254261
out: 1.0 1.0
in: 0 0.948936 0 0.199035
out: 1.0 1.0
in: 0 0.948936 0 0.241621
out: 1.0 1.0
in: 0 0.861702 0 0.282386
out: 1.0 1.0
in: 0 0.785106 0 0.242928
out: 1.0 1.0
in: 0 0.751064 0 0.234439
out: 1.0 1.0
in: 0 0.689362 0 0.306098
out: 1.0 1.0
in: 0 0.646809 0 0.653693
out: 1.0 1.0
in: 0 0.602128 0 0.553112
out: 1.0 1.0
in: 0 0.73617 0 0.756624
out: 1.0 1.0
in: 0 0.791489 0 0.848222
out: 1.0 1.0
in: 0 0.819149 0 0.910699
out: 1.0 1.0
in: 0 0.73617 0 0.928958
out: 1.0 1.0
in: 0 0.67234 0 0.966059
out: 1.0 1.0
in: 0 0.668085 0 0.977689
out: 1.0 1.0
in: 0 0.712766 0 0.981082
out: 1.0 1.0
in: 0 0.704255 0 0.988583
out: 1.0 1.0
in: 0 0.817021 0 0.992806
out: 1.0 1.0
in: 0 0.817021 0 0.990103
out: 1.0 1.0
in: 0 0.591489 0 0.992428
out: 1.0 1.0
in: 0 0.670213 0 0.992703
out: 1.0 1.0
in: 0 0.648936 0 0.992854
out: 1.0 1.0
in: 0 0.689362 0 0.997887
out: 1.0 1.0
in: 0 0.625532 0 0.996652
out: 1.0 1.0
in: 0 0.674468 0 0.995756
out: 1.0 1.0
in: 0 0.565957 0 0.995226
out: 1.0 1.0
in: 0 0.62766 0 0.997497
out: 1.0 1.0
in: 0 0.712766 0 0.996335
out: 1.0 1.0
in: 0 0.687234 0 0.998016
out: 1.0 1.0
in: 0 0.62766 0 0.999599
out: 1.0 1.0
in: 0 0.612766 0 0.999415
out: 1.0 1.0
in: 0 0.653192 0 0.998852
out: 1.0 1.0
in: 0 0.704255 0 0.999056
out: 1.0 1.0
in: 0 0.670213 0 0.999705
out: 1.0 1.0
in: 0 0.782979 0 0.999368
out: 1.0 1.0
in: 0 0.697872 0 0.998978
out: 1.0 1.0
in: 0 0.73617 0 0.999814
out: 1.0 1.0
in: 0 0.610638 0 0.999943
out: 1.0 1.0
in: 0 0.644681 0 0.999831
out: 1.0 1.0
in: 0 0.731915 0 1
out: 1.0 1.0
in: 0 0.521277 0 0.999384
out: 1.0 1.0
in: 0.00653595 0.604255 0 0.995583
out: 1.0 1.0
in: 0.0326797 0.531915 0 0.985124
out: 1.0 1.0
in: 0 0.619149 0 0.827368
out: 1.0 1.0
in: 0 0.589362 0 0.752377
out: 1.0 1.0
in: 0 0.555319 0 0.0670302
out: 1.0 1.0
in: 0 0.602128 0 0.014012
out: 1.0 1.0
in: 0 0.589362 0 0.0190471
out: 1.0 1.0
in: 0 0.6 0 0.00781802
out: 1.0 1.0
in: 0 0.651064 0 0.100686
out: 1.0 1.0
in: 0 0.453191 0 0.0310401
out: 1.0 1.0
in: 0 0.574468 0 0.00702202
out: 1.0 1.0
in: 0 0.538298 0 0.00864503
out: 1.0 1.0
in: 0 0.602128 0 0.000381001
out: 1.0 1.0
in: 0 0.506383 0 0.0817752
out: 1.0 1.0
in: 0 0.529787 0 0.00284701
out: 1.0 1.0
in: 0 0.593617 0 0.0683112
out: 1.0 1.0
in: 0 0.574468 0 7.70002e-005
out: 1.0 1.0
in: 0 0.517021 0 0.000335001
out: 1.0 1.0
in: 0 0.53617 0 0.000478001
out: 1.0 1.0
in: 0 0.523404 0 0.000178001
out: 1.0 1.0
in: 0 0.559574 0 0.000108
out: 1.0 1.0
in: 0 0.519149 0 0.000271001
out: 1.0 1.0
in: 0 0.402128 0 0.000428001
out: 1.0 1.0
in: 0 0.451064 0 0.000209001
out: 1.0 1.0
in: 0 0.406383 0 0.0775772
out: 1.0 1.0
in: 0 0.408511 0 0.000283001
out: 1.0 1.0
in: 0 0.365957 0 0.000297001
out: 1.0 1.0
in: 0 0.353191 0 0.000117
out: 1.0 1.0
in: 0 0.359574 0 5.90002e-005
out: 1.0 1.0
in: 0 0.368085 0 6.80002e-005
out: 1.0 1.0
in: 0 0.357447 0 0.00012
out: 1.0 1.0
in: 0 0.268085 0 9.40003e-005
out: 1.0 1.0
in: 0.0653595 0.255319 0 7.00002e-005
out: 1.0 1.0
in: 0 0.314894 0 0.000510002
out: 1.0 1.0
in: 0 0.0319149 0 0.000558002
out: 1.0 1.0
in: 0.0130719 0.0297872 0 0.000523002
out: 1.0 1.0
in: 0 0.0531915 0 0.000359001
out: 1.0 1.0
in: 0.00653595 0.0361702 0 0.000288001
out: 1.0 1.0
in: 0 0.0404255 0 0.000405001
out: 1.0 1.0
in: 0 0.0340426 0 0.00223701
out: 1.0 1.0
in: 0 0.538298 0 0.00168801
out: 1.0 1.0
in: 0 0.0404255 0 0.00202401
out: 1.0 1.0
in: 0 0.0425532 0 0.000899003
out: 1.0 1.0
in: 0 0.27234 0 0.00176301
out: 1.0 1.0
in: 0 0.287234 0 0.00381301
out: 1.0 1.0
in: 0 0.304255 0 0.00168401
out: 1.0 1.0
in: 0 0.4 0 0.00245201
out: 1.0 1.0
in: 0 0.506383 0 0.00171701
out: 1.0 1.0
in: 0 0.397872 0 0.00165201
out: 1.0 1.0
in: 0.117647 0.287234 0 0.00238801
out: 1.0 1.0
in: 0.0261438 0.240426 0 0.00232801
out: 1.0 1.0
in: 0.0261438 0.282979 0 0.00272801
out: 1.0 1.0
in: 0.320261 0.0787234 0 0.00355501
out: 1.0 1.0
in: 0.248366 0.0574468 0 0.00791802
out: 1.0 1.0
in: 0.705882 0.0446809 0 0.00558102
out: 1.0 1.0
in: 0 0.0553191 0 0.014817
out: 1.0 1.0
in: 0 0.0234043 0 0.0634062
out: 1.0 1.0
in: 0 0.0255319 0 0.0886293
out: 1.0 1.0
in: 0 0.0276596 0 0.0449061
out: 1.0 1.0
in: 0 0.0276596 0 0.0195581
out: 1.0 1.0
in: 0 0.144681 0 0.014534
out: 1.0 1.0
in: 0 0.114894 0 0.00314101
out: 1.0 1.0
in: 0 0.093617 0 0.016612
out: 1.0 1.0
in: 0 0.112766 0 0.0231741
out: 1.0 1.0
in: 0 0.148936 0 0.0335181
out: 1.0 1.0
in: 0 0.17234 0 0.0239121
out: 1.0 1.0
in: 0 0.178723 0 0.0273151
out: 1.0 1.0
in: 0 0.134043 0 0.0974963
out: 1.0 1.0
in: 0 0.159574 0 0.104558
out: 1.0 1.0
in: 0 0.0361702 0 0.00484802
out: 1.0 1.0
in: 0 0.112766 0 0.00428601
out: 1.0 1.0
in: 0 0.00638298 0 0.000793002
out: 1.0 1.0
in: 0 0.110638 0 0.0379111
out: 0.0 0.0
in: 0.176471 0.138298 0 0.0177541
out: 0.0 0.0
in: 0.00653595 0.138298 0 0.00945503
out: 0.0 0.0
in: 0 0.140426 0 0.00386201
out: 0.0 0.0
in: 0 0.125532 0 0.000586002
out: 0.0 0.0
in: 0.00653595 0.119149 0 0.609254
out: 0.0 0.0
in: 0 0.0595745 0 0.598183
out: 0.0 0.0
in: 0.00653595 0.104255 0 0.592604
out: 0.0 0.0
in: 0.00653595 0.102128 0 0.630896
out: 0.0 0.0
in: 0 0.12766 0 0.901227
out: 0.0 0.0
in: 0 0.0808511 0 0.992001
out: 0.0 0.0
in: 0 0.00425532 0 0.260732
out: 0.0 0.0
in: 0 0.0851064 0 0.00378501
out: 0.0 0.0
in: 0 0.00638298 0 0.00233201
out: 0.0 0.0
in: 0 0.0489362 0 0.00381101
out: 0.0 0.0
in: 0 0.112766 0 0.000773002
out: 0.0 0.0
in: 0 0.114894 0 0.0894123
out: 0.0 0.0
in: 0 0.110638 0 0.968683
out: 0.0 0.0
in: 0.00653595 0.110638 0 0.996227
out: 0.0 0.0
in: 0.00653595 0.106383 0 0.996979
out: 0.0 0.0
in: 0 0.119149 0 0.996972
out: 0.0 0.0
in: 0.00653595 0.093617 0 0.997851
out: 0.0 0.0
in: 0 0.542553 0 0.996382
out: 0.0 0.0
in: 0 0.134043 0 0.995567
out: 0.0 0.0
in: 0 0.00851064 0 0.995926
out: 0.0 0.0
in: 0.0130719 0.00212766 0 5.70002e-005
out: 0.0 0.0
in: 0 0.0148936 0 0.000372001
out: 0.0 0.0
in: 0.00653595 0.0361702 0 0.0172031
out: 0.0 0.0
in: 0 0.00425532 0 0.163887
out: 0.0 0.0
in: 0 0.00851064 0 0.242441
out: 0.0 0.0
in: 0 0.0851064 0 0.149128
out: 0.0 0.0
in: 0.00653595 0.0638298 0 0.389748
out: 0.0 0.0
in: 0.00653595 0.108511 0 0.433395
out: 0.0 0.0
in: 0 0.110638 0 0.421205
out: 0.0 0.0
in: 0 0.0595745 0 0.432611
out: 0.0 0.0
in: 0 0.00425532 0 0.45699
out: 0.0 0.0
in: 0.0130719 0.00212766 0 0.409039
out: 0.0 0.0
in: 0 0.00638298 0 0.409978
out: 0.0 0.0
in: 0 0.542553 0 0.444006
out: 0.0 0.0
in: 0 0.00638298 0 0.62262
out: 0.0 0.0
in: 0 0.00851064 0 0.511039
out: 0.0 0.0
in: 0.0849673 0.0319149 0 0.47044
out: 0.0 0.0
in: 0 0.00851064 0 0.477425
out: 0.0 0.0
in: 0 0.0914894 0 0.417057
out: 0.0 0.0
in: 0 0.106383 0 0.289985
out: 0.0 0.0
in: 0 0.112766 0 0.0745692
out: 0.0 0.0
in: 0 0.0574468 0 0.31051
out: 0.0 0.0
in: 0 0.093617 0 0.308374
out: 0.0 0.0
in: 0 0.0765957 0 0.292903
out: 0.0 0.0
in: 0 0.0191489 0 0.392707
out: 0.0 0.0
in: 0 0.087234 0 0.151591
out: 0.0 0.0
in: 0 0.0510638 0 0.137293
out: 0.0 0.0
in: 0 0.102128 0 0.130259
out: 0.0 0.0
in: 0 0.0489362 0 0.0850673
out: 0.0 0.0
in: 0 0.0148936 0 0.0513972
out: 0.0 0.0
in: 0 0.012766 0 0.00397401
out: 0.0 0.0
in: 0 0.112766 0 0.000171001
out: 0.0 0.0
in: 0 0.0382979 0 0.000167001
out: 0.0 0.0
in: 0 0.0468085 0 0.000370001
out: 0.0 0.0
in: 0 0.0978723 0 0.285709
out: 0.0 0.0
in: 0 0.125532 0 0.275914
out: 0.0 0.0
in: 0 0.0574468 0 0.141344
out: 0.0 0.0
in: 0 0.140426 0 0.134298
out: 0.0 0.0
in: 0 0.0340426 0 0.878575
out: 0.0 0.0
in: 0 0.0148936 0 0.92008
out: 0.0 0.0
in: 0 0 0 0.755792
out: 0.0 0.0
in: 0 0.0638298 0 0.931325
out: 0.0 0.0
in: 0 0.0531915 0 0.922545
out: 0.0 0.0
in: 0 0.0170213 0 0.925213
out: 0.0 0.0
in: 0 0 0 0.88454
out: 0.0 0.0
in: 0 0.0191489 0 0.908078
out: 0.0 0.0
in: 0 0.0148936 0 0.877754
out: 0.0 0.0
in: 0 0.0404255 0 0.880846
out: 0.0 0.0
in: 0 0.0531915 0 0.833763
out: 0.0 0.0
in: 0 0.193617 0 0.852293
out: 0.0 0.0
in: 0 0.0382979 0 0.736046
out: 0.0 0.0
in: 0 0 0 0.752823
out: 0.0 0.0
in: 0.00653595 0.131915 0 0.790043
out: 0.0 0.0
in: 0 0 0 0.542734
out: 0.0 0.0
in: 0 0.093617 0 0.859709
out: 0.0 0.0
in: 0 0.0361702 0 0.718092
out: 0.0 0.0
in: 0 0.0191489 0 0.882121
out: 0.0 0.0
in: 0 0.104255 0 0.935842
out: 0.0 0.0
in: 0 0.012766 0 0.975044
out: 0.0 0.0
in: 0 0.0978723 0 0.948793
out: 0.0 0.0
in: 0 0.153191 0 0.966475
out: 0.0 0.0
in: 0 0.0510638 0 0.989608
out: 0.0 0.0
in: 0 0.168085 0 0.992786
out: 0.0 0.0
in: 0 0.0106383 0 0.994669
out: 0.0 0.0
in: 0 0.0170213 0 0.99487
out: 0.0 0.0
in: 0.00653595 0 0 0.994083
out: 0.0 0.0
in: 0 0.131915 0 0.989
out: 0.0 0.0
in: 0 0.138298 0 0.995276
out: 0.0 0.0
in: 0 0.0191489 0 0.995865
out: 0.0 0.0
in: 0 0.0680851 0 0.994957
out: 0.0 0.0
in: 0 0.168085 0 0.996898
out: 0.0 0.0
in: 0 0.208511 0 0.998697
out: 0.0 0.0
in: 0 0.202128 0 0.998688
out: 0.0 0.0
in: 0 0.246809 0 0.999267
out: 0.0 0.0
in: 0 0.0978723 0 0.999145
out: 0.0 0.0
in: 0.00653595 0.2 0 0.999112
out: 0.0 0.0
in: 0 0.17234 0 0.999004
out: 0.0 0.0
in: 0 0.0319149 0 0.730647
out: 0.0 0.0
in: 0 0.102128 0 0.208605
out: 0.0 0.0
in: 0 0.27234 0 0.221447
out: 0.0 0.0
in: 0 0.268085 0 0.224545
out: 0.0 0.0
in: 0 0.259574 0 0.304686
out: 0.0 0.0
in: 0 0.0638298 0 0.0810302
out: 0.0 0.0
in: 0 0.187234 0 0.0233411
out: 0.0 0.0
in: 0 0.223404 0 0.0254121
out: 0.0 0.0
in: 0 0.242553 0 0.0671432
out: 0.0 0.0
in: 0 0.151064 0 0.0433511
out: 0.0 0.0
in: 0 0.0382979 0 0.0479641
out: 0.0 0.0
in: 0 0.255319 0 0.0632232
out: 0.0 0.0
in: 0 0.234043 0 0.000444001
out: 0.0 0.0
in: 0 0.125532 0 0.0185181
out: 0.0 0.0
in: 0 0.225532 0 0.651808
out: 0.0 0.0
in: 0 0.16383 0 0.53042
out: 0.0 0.0
in: 0 0.193617 0 0.559308
out: 0.0 0.0
in: 0 0.22766 0 0.675415
out: 0.0 0.0
in: 0 0.208511 0 0.352526
out: 0.0 0.0
in: 0.00653595 0.0489362 0 0.0298161
out: 0.0 0.0
in: 0 0.251064 0 0.00825003
out: 0.0 0.0
in: 0 0.210638 0 0.00674002
out: 0.0 0.0
in: 0 0.0531915 0 0.00737902
out: 0.0 0.0
